%eval_id interface log__t_efold_shallow log__t_efold_deep f_exfiltration_shallow PDD_melt_factor log__Hmax_shallow neg_kge        
1        I1         2.042857048    2.356970965    0.07151789028  1.333608902    1.017968391    8.118579207    
2        I1         1.787027477    2.837401751    0.949424111    7.334644695    1.968143987    1.804715347    
3        I1         0.5585921403   3.01852052     0.6292693526   7.894160149    2.853367774    0.9812717638   
4        I1         2.389702809    2.300407628    0.9630859033   3.859009342    1.182394389    8.074309506    
5        I1         2.209035418    4.403137541    0.3308180983   2.868226299    2.961261554    1.257539094    
6        I1         2.625058763    4.024558405    0.9035947757   5.566776192    1.064137116    8.552138924    
7        I1         0.9848508026   2.816272949    0.6847862499   7.601138471    1.32207257     3.239201659    
8        I1         0.7800113636   2.440805043    0.1801910293   8.819798929    1.899303003    0.7320416347   
9        I1         0.3312710701   3.319870847    0.928723294    2.510248937    1.306807258    3.537121175    
10       I1         1.565750415    4.346567729    0.0550658724   5.198087494    1.50820624     4.742109339    
11       I1         1.748533409    2.417955424    0.8580963502   8.155147296    2.736782859    0.7209764359   
12       I1         0.7429324694   2.73256994     0.5935349058   9.430211796    1.383817595    1.971310205    
13       I1         1.657174574    4.260681948    0.8000462248   5.137544854    2.195799879    0.6833516631   
14       I1         0.4156642879   4.289495264    0.8680870076   9.669109386    1.07849344     5.219393596    
15       I1         1.81860996     2.176623683    0.04493083947  8.078374238    2.160550834    1.005045823    
16       I1         1.42562116     2.628661362    0.3147859988   2.638407509    1.717049326    1.524611646    
17       I1         2.779687977    3.95735416     0.8953445515   8.619482994    2.646628638    2.963918392    
18       I1         2.958124359    4.595539354    0.7714619344   3.863339546    1.521385614    8.169812823    
19       I1         0.5261102396   4.04259033     0.3965735498   7.076571738    2.051490805    0.9361808609   
20       I1         2.223688099    3.276899925    0.6114612787   0.667477985    1.721475701    6.398861732    
21       I1         2.799200445    2.098154193    0.9097599625   1.394173755    2.455007251    5.462021265    
22       I1         0.4614101847   3.094573358    0.2914710021   8.45147657     1.760318738    0.7938910427   
23       I1         1.338083709    4.32293865     0.02165268772  9.984433767    1.752258646    1.813960961    
24       I1         0.4056568878   3.361915565    0.9590973784   1.14778434     2.84603814     2.238017987    
25       I1         2.973576657    2.927852454    0.1303569528   2.797053917    2.623826827    5.451156269    
26       I1         0.4286830519   2.336152156    0.4487090148   0.18066532     2.585002846    0.8394568171   
27       I1         1.965186326    3.190393601    0.03629714085  6.368033232    1.05317574     8.073743917    
28       I1         0.624113242    2.073259581    0.2136000084   3.991777797    2.651490575    0.6529391856   
29       I1         2.719528312    4.4828856      0.2403825458   1.732268706    1.695686768    7.51154148     
30       I1         0.8227697522   3.724454164    0.3807446722   8.951413545    1.408501191    1.847401124    
31       I1         2.494198635    4.09476472     0.2170212027   9.168307365    2.14739056     5.621798515    
32       I1         2.201993693    3.040530387    0.8161972592   6.017455003    1.347416597    7.528312124    
33       I1         2.402185785    3.697985948    0.2699900782   7.209783949    2.577261443    1.091443546    
34       I1         2.029698861    4.363751976    0.5364141223   2.438914568    2.256551776    1.13067654     
35       I1         2.078427936    4.548287861    0.9811156863   4.441823385    1.131062404    7.938498664    
36       I1         1.722673271    3.819523604    0.8196232388   8.054806025    2.277106731    0.7098569329   
37       I1         1.176200254    4.156306296    0.9416719719   1.537206977    1.906866785    0.4640793933   
38       I1         2.879980513    2.884683399    0.3246879329   9.328500214    2.084667689    7.250896599    
39       I1         1.490955826    3.328550905    0.672789649    4.5551893      2.829841759    0.5996432833   
40       I1         2.149138605    3.036656613    0.5005101119   9.792469925    2.003920684    3.929530945    
41       I1         2.6095565      3.08422261     0.6215081235   5.472049183    2.870814354    0.9698677711   
42       I1         1.299701427    2.505319042    0.5502500252   8.316938571    1.157549767    6.088417166    
43       I1         2.690381651    3.40777019     0.3515331361   1.056133357    1.920422282    7.205391893    
44       I1         0.7707743749   3.149679897    0.3737189332   1.97803937     1.162158721    4.063224635    
45       I1         1.518492707    4.486019188    0.564666647    0.5095114817   1.940625036    0.7776156831   
46       I1         1.481046761    3.588701485    0.5762340027   2.386959139    2.397336664    0.6304923891   
47       I1         1.886158868    4.063924408    0.7156985006   2.248863145    1.627890324    5.48064049     
48       I1         1.444937557    3.969308296    0.2318522985   4.649701664    2.518962218    1.044180499    
49       I1         2.355307155    2.026074714    0.8295321104   3.48236388     2.886845167    0.9229820756   
50       I1         1.701804607    2.233951615    0.2073286976   7.644923015    2.909324162    0.9181320636   
51       I1         2.550731638    4.007874942    0.06400238887  4.728024424    2.246028935    5.408874133    
52       I1         0.3255170886   4.641342724    0.3209020759   0.3842175057   1.038751571    4.104475607    
53       I1         0.5518231933   2.030975768    0.6520273646   0.4661498173   1.954412402    0.8879702727   
54       I1         2.909746642    2.431309189    0.4555839098   4.814303723    2.541755111    5.553016443    
55       I1         2.003535543    3.56670542     0.5587866955   8.962480351    2.206210603    1.086119389    
56       I1         2.653773136    3.055230189    0.5132893888   6.985065963    1.646620208    7.697424235    
57       I1         0.7269657734   2.203450086    0.09434096936  6.318921534    1.082156412    4.525406751    
58       I1         2.53260736     4.449900259    0.6944194301   7.749986274    2.811195788    1.022209569    
59       I1         2.63674069     2.044902067    0.2218521401   3.326263497    2.484231999    3.382828978    
60       I1         2.412684828    3.793324687    0.7067286748   0.9993611848   2.349335252    2.77768364     
61       I1         1.134232103    3.647293071    0.1121192462   9.0943765      1.8076473      0.9342284569   
62       I1         0.3422645485   3.431869943    0.4108105666   5.261225764    2.316602534    1.038769803    
63       I1         2.28064211     3.497577717    0.2037085947   3.376723006    2.703687853    1.029161355    
64       I1         1.766228164    2.594974158    0.7000487359   2.960020998    2.382812994    0.7308620456   
65       I1         1.618861648    2.774604662    0.7620839744   2.587109035    1.202167383    6.736954336    
66       I1         2.827974335    4.227436768    0.1882702422   6.85234244     2.473352918    5.599582623    
67       I1         1.101410042    3.612024968    0.1533036281   7.461284804    1.606659565    1.241281947    
68       I1         2.350630536    2.062464498    0.807142244    7.237110871    2.834018621    0.927642976    
69       I1         1.456939687    2.171306108    0.2876720621   6.239157078    2.598069634    0.7888302903   
70       I1         1.188595366    3.880100579    0.3433820127   8.217253101    2.379551276    0.8056425066   
71       I1         2.93723488     2.294811181    0.2263454814   2.041784063    1.392774356    8.04965422     
72       I1         1.5071055      4.358523891    0.7821771399   3.611858179    2.660468116    0.610141135    
73       I1         0.5149704651   4.160223304    0.8500883531   6.090466377    2.230576401    1.63416023     
74       I1         1.877456119    3.859468967    0.03171907908  0.4315075189   1.812054691    3.897807572    
75       I1         1.21664279     3.285804182    0.6493118071   9.709445135    2.867596248    0.5321142983   
76       I1         1.462295575    3.345997005    0.7422104237   9.398655765    2.153722452    0.5958724058   
77       I1         0.4978178908   3.600822868    0.9204123802   8.265540025    1.414387208    2.704325451    
78       I1         2.930156136    2.725829       0.9670457616   5.913574714    1.984366184    7.558693982    
79       I1         1.350461859    4.467721714    0.7979092431   5.519437673    1.098048754    6.80467836     
80       I1         1.605578382    3.068559684    0.4593041062   4.856551738    2.211340533    0.7246464011   
81       I1         2.248746823    3.986068206    0.6603348559   1.891252257    2.134606803    3.528560658    
82       I1         2.425493868    4.680671828    0.7234682233   1.490943782    2.565105388    1.02271453     
83       I1         2.132029458    3.37546338     0.3608088827   7.102528612    1.040710821    8.301288198    
84       I1         0.3125498172   3.20154832     0.9793992248   9.48803899     2.260401854    2.929174527    
85       I1         0.7023983976   2.900678786    0.8851280614   6.231212219    1.479875471    1.736784155    
86       I1         2.673368918    4.419479618    0.5804821918   4.318628955    1.544824675    7.874770873    
87       I1         0.5955466403   4.382333731    0.2810630211   1.785054574    2.323537303    1.034122234    
88       I1         1.575201538    4.312812646    0.8646205772   9.270095287    2.758876476    0.645296874    
89       I1         0.609977641    2.224739383    0.1138254099   6.676798735    1.839531246    0.7612569033   
90       I1         0.6108616613   2.250851852    0.1837828196   1.107784925    2.930759654    0.668012244    
91       I1         1.07755639     2.109929758    0.4668954876   2.707678399    2.359883771    0.5252749879   
92       I1         2.328046108    4.440460122    0.2999260508   0.9388627535   2.743472252    1.320616793    
93       I1         2.376129019    2.612622975    0.6427283375   3.309636828    1.144737002    8.157631988    
94       I1         2.767554801    3.245916278    0.4635524966   6.929607906    1.616729429    7.90360045     
95       I1         1.844094157    4.568019547    0.1494649852   0.2495764892   1.550361305    5.806789556    
96       I1         0.4817360052   2.873372746    0.5856182522   8.580603486    2.671873456    1.074127204    
97       I1         1.663832273    2.495211811    0.385462062    9.594409345    2.896301265    0.807324067    
98       I1         1.925181958    3.186959833    0.9237292598   8.398860836    1.292149948    7.167989667    
99       I1         0.9253953932   2.465928284    0.1406398768   0.7087776918   1.976232005    0.7621904708   
100      I1         0.8486734169   3.679043876    0.1971546893   8.335339283    2.362672559    0.8679740723   
101      I1         0.356482904    3.706590239    0.2464515175   1.605374337    2.766838932    0.9269162306   
102      I1         0.7577569861   4.13108875     0.7470555687   6.584704303    2.460358755    0.7712518349   
103      I1         2.108681901    3.402827412    0.4421608007   1.445548763    2.186241806    2.148571891    
104      I1         2.47276252     4.118902847    0.4891716977   5.947829896    2.792574023    1.102338278    
105      I1         0.6698830445   2.656305783    0.4153351112   2.73431835     2.611959955    0.623185027    
106      I1         2.877294792    3.75309248     0.04347983398  5.837217607    1.238246089    8.308874535    
107      I1         2.289017751    4.625167738    0.9852979523   4.373552331    1.453229214    7.418033401    
108      I1         1.413753007    4.090717448    0.3417506824   5.33250123     1.859345819    0.9750634363   
109      I1         2.839448859    3.920543611    0.142636008    5.032574816    2.033328806    7.252274492    
110      I1         0.8643841704   2.593212058    0.160055821    9.895321765    1.191797665    3.932243001    
111      I1         2.092794691    2.639973235    0.3991302431   6.566784115    1.743259308    5.725502882    
112      I1         1.936867397    4.243009397    0.5240954976   5.639743434    1.737037432    5.057247649    
113      I1         2.445353765    2.311332752    0.7503941233   7.928954882    1.11571311     8.302964754    
114      I1         2.795507528    2.259093419    0.5070318966   6.071329703    2.495236305    4.799271498    
115      I1         1.110362465    2.141963658    0.1678872151   7.384314883    2.338446433    0.7706113488   
116      I1         0.3837615638   4.191239946    0.01877493931  1.863019748    2.179519923    1.539584834    
117      I1         0.8930660119   4.693202184    0.5408028544   7.837958254    2.989766006    0.7156350238   
118      I1         1.242730641    2.344982169    0.5706266937   2.308201721    2.294047384    0.5211198602   
119      I1         2.969775429    3.501346269    0.8434566927   5.380668319    1.269304644    8.341344608    
120      I1         1.835462153    2.960142542    0.6675271422   4.231670335    1.448930091    6.18566752     
121      I1         1.951259195    4.029800136    0.4231211666   3.755567341    1.561488106    6.056994216    
122      I1         2.482381627    2.564306797    0.6341031159   1.659741976    1.009189559    8.139257756    
123      I1         2.162348823    3.011271165    0.2391797312   3.257773528    2.80486253     0.9599670844   
124      I1         2.304803043    2.552507617    0.77877357     7.80636939     2.53937011     0.9154615605   
125      I1         1.396706634    2.932884925    0.5612255106   5.429678905    1.330394356    5.097020421    
126      I1         0.5345479359   3.764068608    0.9362831638   0.1146563567   2.63546284     1.785123557    
127      I1         2.987834491    3.115247762    0.8544142532   4.056333139    1.516952605    8.175162006    
128      I1         2.235064282    2.707607405    0.7912763787   7.720617427    1.791181076    6.0523079      
129      I1         1.05245223     4.174379087    0.3103765049   8.56381003     2.125708516    0.9297788938   
130      I1         0.9539352022   4.563927527    0.2521699416   4.261170711    2.068353521    1.118361287    
131      I1         2.684786499    2.789558897    0.7145759278   8.750532313    2.608927676    2.611845542    
132      I1         1.906689535    4.270259591    0.6652873663   2.984995646    1.020912667    8.081506837    
133      I1         2.171559734    3.302128931    0.8368909156   0.6401701583   2.011700176    4.060858421    
134      I1         2.823823728    4.532656893    0.6902349937   2.550612703    2.978929107    1.057576621    
135      I1         2.740377929    3.982519646    0.2556249627   8.505649745    1.688879237    7.829350433    
136      I1         1.321357614    3.163106521    0.3339878572   6.41123937     1.931259052    0.6971590812   
137      I1         1.191333129    3.873726145    0.8428949957   9.819515276    2.950747868    0.5238377273   
138      I1         0.4430398535   3.781628904    0.0808111066   3.114819855    2.044576588    1.110095964    
139      I1         1.362831593    2.279600065    0.05101854648  9.037428274    2.687512233    0.9507037572   
140      I1         1.857572766    2.757314808    0.4173760915   5.060679616    2.773438909    0.8465607325   
141      I1         1.625403716    4.511319999    0.3639294331   5.880998526    2.929497855    1.081005713    
142      I1         1.367887044    3.259597699    0.7693181025   0.2385264957   2.449705734    0.5402602398   
143      I1         1.548319428    2.972203834    0.4058206673   9.537973458    1.536702811    4.123460904    
144      I1         2.563270031    3.450190027    0.2680593191   6.961210775    2.915627183    1.029602695    
145      I1         0.5800941499   4.661768717    0.8795676134   1.378002475    2.111170597    1.369312539    
146      I1         1.252104445    2.002643232    0.7049211536   8.666551745    2.554458765    0.5438962694   
147      I1         1.159929495    2.378277031    0.641106075    9.254339206    1.786877629    0.5236821173   
148      I1         1.019797775    4.133001448    0.8724047266   7.993403388    1.873387979    0.5645128586   
149      I1         0.475020946    2.539925478    0.1664097414   2.084317326    1.650399773    0.7559534688   
150      I1         0.6820325001   2.082164012    0.4970863629   0.9571444641   1.846160076    0.5523273943   
151      I1         1.391047725    3.830559689    0.7585636356   9.635192623    2.090646104    0.5791329353   
152      I1         2.027168391    3.636498732    0.1727040344   0.8370480586   2.729480286    1.06044313     
153      I1         2.896536745    3.841409464    0.4764559871   5.229077464    2.426468061    5.995263227    
154      I1         1.981673321    2.519608795    0.5177692804   3.033333241    1.366969046    6.919137245    
155      I1         0.8108389099   3.386351558    0.5885644537   8.769395339    1.667115124    0.6674501449   
156      I1         2.116742744    3.913802296    0.6009566142   6.794957985    2.079582039    3.052987464    
157      I1         1.015419197    4.583449586    0.09195397479  9.932438607    1.468205594    2.328120718    
158      I1         2.456637043    4.305240723    0.4746047285   0.5712192909   1.482285786    7.431712109    
159      I1         1.714378988    3.902057178    0.05919871104  0.3125915255   1.779846824    3.203380764    
160      I1         1.147804998    3.460681419    0.1270600702   2.361867646    1.996078011    0.8880189898   
161      I1         1.066676104    3.132371513    0.9728160268   6.74969147     1.37124872     3.08878126     
162      I1         1.905299813    3.138920619    0.5333375683   4.935173303    2.285857504    0.8211564576   
163      I1         0.8766856238   2.804902309    0.4821096785   5.749671866    2.437051262    0.5533635333   
164      I1         1.743530302    2.862830669    0.1044008439   7.499195394    1.595288541    4.858707874    
165      I1         1.537121934    4.649374013    0.3054963506   7.296648978    2.990109502    1.171915195    
166      I1         1.590026559    3.523534583    0.01415002068  4.656027906    1.288003055    6.124168957    
167      I1         2.505369413    3.226716511    0.120099642    4.077193751    2.527317023    1.469168633    
168      I1         2.189025942    3.67177655     0.1360091019   5.676746985    1.352350799    7.48925195     
169      I1         1.270784429    2.484440063    0.7848612171   2.884894493    1.313376847    4.702997029    
170      I1         1.298661333    3.551888919    0.3531672447   2.194656264    1.259121677    5.213986685    
171      I1         2.31261627     2.372203251    0.7369016236   7.136527825    1.248463934    7.896454177    
172      I1         2.601731754    3.420541693    0.527826204    4.459351642    2.693832975    0.9861799971   
173      I1         0.9438277969   3.6264867      0.6156335257   3.555949822    2.220011105    0.523266416    
174      I1         2.745553793    3.536838627    0.6044313488   6.719911664    1.438599308    8.090073834    
175      I1         0.9003125866   3.736152748    0.0287080081   1.772025626    2.710571223    1.174907114    
176      I1         0.7138615509   4.391887745    0.5455463709   4.129357486    2.412941703    0.7729133979   
177      I1         2.572960423    4.605605326    0.1000544076   7.570935166    1.218509684    8.21343953     
178      I1         0.9997412664   3.239335126    0.07680436542  1.27238497     1.634263669    1.019146185    
179      I1         2.707224594    3.801034452    0.9556971294   4.172701562    2.505883121    3.815737514    
180      I1         1.280050941    4.235539056    0.4941185999   3.182654213    2.304483794    0.7222270277   
181      I1         0.6414352822   4.510885732    0.9135428444   3.636586933    1.676453576    1.293988072    
182      I1         0.8271815874   2.750328639    0.8276433101   2.011134016    2.023306477    0.6514715269   
183      I1         2.267882963    2.833478831    0.7327696152   4.537212772    1.226556904    7.879538266    
184      I1         1.771585011    2.911490588    0.2974330863   3.130742684    2.40504906     0.8572193025   
185      I1         0.3680367532   3.564858581    0.8988526223   4.976755628    1.105196986    4.886794542    
186      I1         0.9632457467   2.397738489    0.4331791088   5.694878271    1.882910526    0.5502016008   
187      I1         2.582251097    2.573964377    0.2766227442   4.770273266    1.499652838    7.823469138    
188      I1         2.857412563    2.665372982    0.1950390482   6.504521159    1.577854566    8.046201219    
189      I1         1.804407025    2.950593739    0.678529519    3.689050556    2.10421286     0.7695887206   
190      I1         1.085307343    2.200564449    0.8909145807   0.8845924409   2.949901111    0.4430760329   
191      I1         2.51740865     2.450154448    0.4277795188   1.222767776    1.701416753    7.316889484    
192      I1         1.038137795    2.994189905    0.2601302904   3.921257791    1.177076466    4.882842244    
193      I1         2.064282543    2.132139482    0.6227412186   0.7768686856   1.869584999    4.844798504    
194      I1         1.67926452     3.943061788    0.391601293    3.431059655    1.278557721    6.541890072    
195      I1         0.6524369991   2.69458221     0.4374113057   6.467787104    2.788246349    0.667820373    
196      I1         1.648828998    2.154619874    0.9340472915   6.149576435    1.91103831     1.354445755    
197      I1         1.224638589    3.47373914     0.7288471078   3.782969085    1.584482941    1.470991737    
198      I1         0.7990227426   2.687710875    0.8118076372   2.168253921    1.425281112    1.886441204    
199      I1         1.99825527     4.073721714    0.08584522845  9.137794656    1.823500094    4.851941227    
200      I1         0.9124143994   4.20749433     0.3724673806   8.871532098    1.12558514     4.985136591    
201      I1         1.233950617    2.899382716    0.6514586191   0.1022633745   1.889041305    0.5326297698   
202      I1         1.978395062    2.032716049    0.6635573845   0.1022633745   2.999847584    0.8796856239   
203      I1         2.099794239    2.833950617    0.9337631459   0.1022633745   2.62094193     0.8600052926   
204      I1         1.200617284    2.000617284    0.9176314586   9.997736626    2.999847584    0.5298259396   
205      I1         1.333950617    2.499382716    0.9897759488   9.999245542    2.774577046    0.5546727548   
206      I1         1.537654321    2.778395062    0.7721475385   9.997736626    2.575217193    0.6288227903   
207      I1         1.616666667    2.899382716    0.7724462734   0.1007544582   2.558756287    0.68306934     
208      I1         1.57962963     2.299382716    0.5543697607   0.1022633745   2.065843621    0.7151502879   
209      I1         0.6265432099   3.47962963     0.4456302393   0.1022633745   1.818930041    0.6920318958   
210      I1         0.8067901235   2.000617284    0.5542203932   9.997736626    2.999847584    0.5843288872   
211      I1         0.9487654321   2.000617284    0.6632586496   9.997736626    2.728852309    0.5412805974   
212      I1         0.8660493827   2.000617284    0.4454808718   9.997736626    2.255144033    0.5648376833   
213      I1         0.637654321    4.667283951    0.3367413504   9.997736626    2.654778235    1.039470137    
214      I1         0.600617284    2.000617284    0.3368907179   3.519958848    2.333180918    0.6199399256   
215      I1         0.7240740741   2.000205761    0.3731870142   4.502263374    2.084133516    0.5780012815   
216      I1         1.654938272    2.433950617    0.5543697607   9.997736626    2.085048011    0.7427143502   
217      I1         1.032716049    2.899382716    0.6631092821   6.700754458    1.761316872    0.4987974289   
218      I1         0.7277777778   2.000617284    0.4456302393   6.702263374    1.671696388    0.6067969929   
219      I1         1.147530864    2.700617284    0.6632586496   8.897736626    2.332876086    0.5135517714   
220      I1         1.04382716     2.300617284    0.6632586496   8.902263374    2.102423411    0.5114731606   
221      I1         0.7783950617   2.432716049    0.6631092821   9.997736626    1.889041305    0.6578782131   
222      I1         1.083333333    2.899794239    0.8719250114   0.1022633745   2.748056699    0.5675802226   
223      I1         0.9709876543   2.300617284    0.6268129858   2.300754458    2.228623685    0.4687355988   
224      I1         1.077160494    2.899382716    0.6632586496   3.397736626    2.17558299     0.4725124964   
225      I1         0.9537037037   2.400617284    0.4592226795   3.399245542    2.206675812    0.5231760274   
226      I1         2.084567901    2.000617284    0.01022405121  8.902263374    2.999847584    1.056614016    
227      I1         1.167283951    2.299382716    0.6635573845   0.1022633745   2.999847584    0.5344517717   
228      I1         0.9820987654   2.899382716    0.8808870599   2.302263374    2.999847584    0.5293484152   
229      I1         0.900617284    2.000205761    0.7724462734   0.1022633745   2.51303155     0.6089249433   
230      I1         0.7339506173   2.600617284    0.4578783722   0.1007544582   1.993598537    0.5946472515   
231      I1         1.199382716    2.000205761    0.7482487426   6.702263374    2.856881573    0.5106721347   
232      I1         1.199794239    2.899382716    0.9897759488   6.702263374    2.916323731    0.5199045821   
233      I1         0.9611111111   2.000205761    0.8571376315   8.902263374    2.898948331    0.5795440993   
234      I1         0.500617284    2.000617284    0.3367413504   9.997736626    2.461819845    0.7079378026   
235      I1         1.709259259    2.000617284    0.01007468374  0.1022633745   2.630086877    1.076821017    
236      I1         0.7413580247   2.000205761    0.5098582533   9.997736626    2.612711477    0.6113165327   
237      I1         1.04382716     2.000205761    0.3651211706   6.702263374    1.745770462    0.5837748456   
238      I1         0.987037037    2.599382716    0.6632586496   6.702263374    2.241426612    0.5091455437   
239      I1         1.242592593    4.099382716    0.6632586496   9.997736626    2.689529035    0.5882327545   
240      I1         0.912962963    2.000617284    0.6075445816   0.1007544582   2.873342478    0.5485404232   
241      I1         1.600205761    3.800617284    0.4453315043   9.997736626    2.703246456    0.8218774309   
242      I1         1.308024691    3.299382716    0.9216643804   3.399245542    1.96342021     0.4984870572   
243      I1         0.7635802469   2.300617284    0.5784179241   6.700754458    2.331961591    0.6067575259   
244      I1         1.699382716    2.900205761    0.856689529    0.1022633745   2.184727938    0.7197332912   
245      I1         1.045061728    4.400617284    0.8808870599   0.1022633745   2.333485749    0.5933410129   
246      I1         1.70308642     4.699382716    0.1186648377   0.1007544582   2.136259717    1.577188711    
247      I1         1.040123457    2.000617284    0.6635573845   6.697736626    2.999847584    0.5040743901   
248      I1         1.07962963     2.899382716    0.7358512422   3.402263374    2.91998171     0.4685909589   
249      I1         0.8858024691   2.299382716    0.5179240969   9.999245542    2.051211706    0.5529429643   
250      I1         1.054938272    2.032716049    0.771998171    0.1022633745   2.999847584    0.548125389    
251      I1         0.900617284    2.000205761    0.4834202103   0.1022633745   2.656607225    0.5521031795   
252      I1         0.8820987654   2.000205761    0.771998171    0.1022633745   2.760859625    0.6218788934   
253      I1         1.199794239    4.699382716    0.9897759488   9.997736626    2.579789666    0.5529286774   
254      I1         1.087037037    4.699382716    0.9897759488   6.702263374    2.999847584    0.5670100195   
255      I1         1.010493827    4.699382716    0.8853680841   9.999245542    2.661179698    0.5902478919   
256      I1         1.099382716    2.900617284    0.3368907179   9.997736626    2.999847584    0.6508780958   
257      I1         1.199382716    2.899382716    0.6631092821   6.697736626    1.889041305    0.5078922406   
258      I1         0.4833333333   2.000617284    0.4731138546   3.400754458    1.743026978    0.8150278782   
259      I1         0.7141975309   2.599382716    0.3489894833   3.400754458    1.691815272    0.6169592971   
260      I1         0.937654321    2.000205761    0.5869318701   3.402263374    2.08870599     0.4947015474   
261      I1         0.8413580247   2.000617284    0.4457796068   3.402263374    2.333180918    0.5291195648   
262      I1         0.8339506173   2.000617284    0.5543697607   3.402263374    2.183813443    0.5267725262   
263      I1         1.308024691    3.799794239    0.7724462734   1.197736626    1.949702789    0.4801173945   
264      I1         2.363580247    2.900617284    0.6634080171   0.1022633745   2.645633288    0.9412495313   
265      I1         1.441358025    2.000617284    0.6631092821   0.1022633745   2.999847584    0.6612171852   
266      I1         1.308024691    2.299382716    0.6632586496   0.1022633745   2.844078647    0.5772031812   
267      I1         1.654938272    2.000205761    0.5542203932   0.1022633745   2.77732053     0.793546277    
268      I1         0.9648148148   3.800617284    0.6433927755   0.1007544582   2.407864655    0.5587406792   
269      I1         0.6450617284   4.400617284    0.5546684957   0.1022633745   2.999847584    0.8338788344   
270      I1         0.9067901235   4.699382716    0.6631092821   3.397736626    2.777625362    0.6021513346   
271      I1         0.999382716    3.800617284    0.7195701875   9.999245542    2.892546868    0.5533299996   
272      I1         0.7709876543   4.699382716    0.9897759488   9.997736626    2.999847584    0.9644130162   
273      I1         0.300617284    2.000617284    0.04607224508  6.697736626    2.999847584    0.7756717081   
274      I1         0.8117283951   2.000617284    0.1191129401   6.697736626    2.999847584    0.7396245413   
275      I1         0.6845679012   4.699382716    0.3367413504   0.1022633745   2.866941015    0.9890328511   
276      I1         1.346296296    2.899382716    0.6632586496   9.997736626    2.42615455     0.5663597489   
277      I1         1.680864198    2.000205761    0.5219570187   8.164403292    2.407864655    0.7906496722   
278      I1         1.07962963     2.000205761    0.3368907179   6.697736626    1.996342021    0.624639096    
279      I1         0.9771604938   2.000617284    0.6632586496   5.964403292    1.67992684     0.6241310068   
280      I1         0.900617284    2.600617284    0.590964792    5.719958848    2.777625362    0.5298809271   
281      I1         0.974691358    2.000617284    0.6632586496   6.697736626    1.849108368    0.5136110191   
282      I1         1.200617284    4.400617284    0.9494467307   0.1007544582   2.967535437    0.5874232976   
283      I1         2.099794239    4.400617284    0.9897759488   3.397736626    2.999542753    0.8288039324   
284      I1         1.833950617    4.500617284    0.771998171    3.397736626    2.999847584    0.7781851446   
285      I1         2.099794239    4.699382716    0.9176314586   3.397736626    2.456332876    0.8367193718   
286      I1         0.8203703704   2.000617284    0.4887974394   5.35781893     1.814662399    0.5459963729   
287      I1         1.363580247    3.899382716    0.9897759488   3.397736626    2.333485749    0.5236081041   
288      I1         1.847530864    4.099382716    0.9897759488   2.300754458    2.804755373    0.7313118579   
289      I1         1.390740741    3.910493827    0.9897759488   3.399245542    2.609967993    0.5319325769   
290      I1         1.678395062    3.800617284    0.9897759488   0.1022633745   2.999847584    0.7231589923   
291      I1         0.8997942387   4.699382716    0.6631092821   9.997736626    2.332876086    0.652612853    
292      I1         1.793209877    4.699382716    0.7357018747   0.1022633745   2.333485749    0.8138416435   
293      I1         1.062345679    2.000205761    0.3364426155   6.697736626    2.714220393    0.6199944169   
294      I1         0.499382716    2.000617284    0.04607224508  6.697736626    2.999847584    0.782120452    
295      I1         0.3002057613   2.000617284    0.08236854138  9.997736626    2.605395519    0.7592978067   
296      I1         1.100617284    3.800617284    0.9899253163   6.702263374    2.037494284    0.5596003431   
297      I1         1.145061728    3.800617284    0.9899253163   8.902263374    1.807956104    0.5570684315   
298      I1         1.199794239    4.689506173    0.8808870599   9.997736626    2.332876086    0.5330128717   
299      I1         1.199794239    3.800617284    0.9897759488   9.997736626    2.332876086    0.5527531151   
300      I1         1.000205761    4.699382716    0.8808870599   9.997736626    2.137174211    0.5957053864   
%eval_id interface log__t_efold_shallow log__t_efold_deep f_exfiltration_shallow PDD_melt_factor log__Hmax_shallow neg_kge        
301      I1         1.085307343    2.200564449    0.8909145807   0.8845924409   2.949901111    0.4430760329   
302      I1         1.355307343    2.200564449    0.8909145807   0.8845924409   2.949901111    0.4887380891   
303      I1         1.085307343    2.470564449    0.8909145807   0.8845924409   2.949901111    0.4469935813   
304      I1         1.085307343    2.200564449    0.9889145807   0.8845924409   2.949901111    0.4680892823   
305      I1         1.085307343    2.200564449    0.8909145807   1.874592441    2.949901111    0.4625971298   
306      I1         0.8153073425   2.200564449    0.8909145807   0.8845924409   2.949901111    0.6515280471   
307      I1         1.085307343    2.200564449    0.7929145807   0.8845924409   2.949901111    0.4287462428   
308      I1         1.085307343    2.200564449    0.8909145807   0.8845924409   2.749901111    0.4430760329   
309      I1         1.355307343    2.200564449    0.7929145807   0.8845924409   2.949901111    0.4976482461   
310      I1         1.085307343    2.470564449    0.7929145807   0.8845924409   2.949901111    0.4276745338   
311      I1         1.085307343    2.200564449    0.7929145807   1.874592441    2.949901111    0.4480043404   
312      I1         0.8153073425   2.200564449    0.7929145807   0.8845924409   2.949901111    0.5876639191   
313      I1         1.085307343    2.200564449    0.6949145807   0.8845924409   2.949901111    0.4297558495   
314      I1         1.085307343    2.200564449    0.7929145807   0.8845924409   2.749901111    0.4287462428   
315      I1         1.220307343    2.200564449    0.7929145807   0.8845924409   2.949901111    0.4461385151   
316      I1         1.085307343    2.335564449    0.7929145807   0.8845924409   2.949901111    0.4276010017   
317      I1         1.085307343    2.200564449    0.8419145807   0.8845924409   2.949901111    0.4349990183   
318      I1         1.085307343    2.200564449    0.7929145807   1.379592441    2.949901111    0.4367685135   
319      I1         0.9503073425   2.200564449    0.7929145807   0.8845924409   2.949901111    0.4673560303   
320      I1         1.085307343    2.065564449    0.7929145807   0.8845924409   2.949901111    0.4319242489   
321      I1         1.085307343    2.200564449    0.7439145807   0.8845924409   2.949901111    0.4269985198   
322      I1         1.085307343    2.200564449    0.7929145807   0.3895924409   2.949901111    0.4621023321   
323      I1         1.085307343    2.200564449    0.7929145807   0.8845924409   2.849901111    0.4287462428   
324      I1         1.152807343    2.200564449    0.7929145807   0.8845924409   2.949901111    0.4318326441   
325      I1         1.085307343    2.268064449    0.7929145807   0.8845924409   2.949901111    0.4279668128   
326      I1         1.085307343    2.200564449    0.8174145807   0.8845924409   2.949901111    0.431309499    
327      I1         1.085307343    2.200564449    0.7929145807   1.132092441    2.949901111    0.4279062661   
328      I1         1.085307343    2.200564449    0.7929145807   0.8845924409   2.999901111    0.4287462428   
329      I1         1.017807343    2.200564449    0.7929145807   0.8845924409   2.949901111    0.439518835    
330      I1         1.085307343    2.133064449    0.7929145807   0.8845924409   2.949901111    0.4300412872   
331      I1         1.085307343    2.200564449    0.7684145807   0.8845924409   2.949901111    0.4273092498   
332      I1         1.085307343    2.200564449    0.7929145807   0.6370924409   2.949901111    0.4391495991   
333      I1         1.085307343    2.200564449    0.7929145807   0.8845924409   2.899901111    0.4287462428   
334      I1         1.152807343    2.200564449    0.7684145807   0.8845924409   2.949901111    0.4325254967   
335      I1         1.085307343    2.268064449    0.7684145807   0.8845924409   2.949901111    0.4263879153   
336      I1         1.085307343    2.200564449    0.7684145807   1.132092441    2.949901111    0.426563923    
337      I1         1.085307343    2.200564449    0.7684145807   0.8845924409   2.999901111    0.4273092498   
338      I1         1.017807343    2.200564449    0.7684145807   0.8845924409   2.949901111    0.4352317494   
339      I1         1.085307343    2.133064449    0.7684145807   0.8845924409   2.949901111    0.4287884985   
340      I1         1.085307343    2.200564449    0.7439145807   0.8845924409   2.949901111    0.4269985198   
341      I1         1.085307343    2.200564449    0.7684145807   0.6370924409   2.949901111    0.4372705914   
342      I1         1.085307343    2.200564449    0.7684145807   0.8845924409   2.899901111    0.4273092498   
343      I1         1.152807343    2.268064449    0.7684145807   0.8845924409   2.949901111    0.431084411    
344      I1         1.085307343    2.335564449    0.7684145807   0.8845924409   2.949901111    0.4259173972   
345      I1         1.085307343    2.268064449    0.7684145807   1.132092441    2.949901111    0.4257256221   
346      I1         1.085307343    2.268064449    0.7684145807   0.8845924409   2.999901111    0.4263879153   
347      I1         1.017807343    2.268064449    0.7684145807   0.8845924409   2.949901111    0.4348224707   
348      I1         1.085307343    2.268064449    0.7439145807   0.8845924409   2.949901111    0.4259612413   
349      I1         1.085307343    2.268064449    0.7684145807   0.6370924409   2.949901111    0.4362146865   
350      I1         1.085307343    2.268064449    0.7684145807   0.8845924409   2.899901111    0.4263879153   
351      I1         1.152807343    2.268064449    0.7684145807   1.132092441    2.949901111    0.4297662924   
352      I1         1.085307343    2.335564449    0.7684145807   1.132092441    2.949901111    0.4253290021   
353      I1         1.085307343    2.268064449    0.7929145807   1.132092441    2.949901111    0.4272020321   
354      I1         1.085307343    2.268064449    0.7684145807   1.379592441    2.949901111    0.4344875846   
355      I1         1.085307343    2.268064449    0.7684145807   1.132092441    2.999901111    0.4257256221   
356      I1         1.017807343    2.268064449    0.7684145807   1.132092441    2.949901111    0.4352427407   
357      I1         1.085307343    2.268064449    0.7439145807   1.132092441    2.949901111    0.4253934379   
358      I1         1.085307343    2.268064449    0.7684145807   0.8845924409   2.949901111    0.4263879153   
359      I1         1.085307343    2.268064449    0.7684145807   1.132092441    2.899901111    0.4257256221   
360      I1         1.119057343    2.268064449    0.7684145807   1.132092441    2.949901111    0.4262804937   
361      I1         1.085307343    2.301814449    0.7684145807   1.132092441    2.949901111    0.425479479    
362      I1         1.085307343    2.268064449    0.7806645807   1.132092441    2.949901111    0.4263207989   
363      I1         1.085307343    2.268064449    0.7684145807   1.255842441    2.949901111    0.4301176083   
364      I1         1.085307343    2.268064449    0.7684145807   1.132092441    2.974901111    0.4257256221   
365      I1         1.051557343    2.268064449    0.7684145807   1.132092441    2.949901111    0.4285541159   
366      I1         1.085307343    2.234314449    0.7684145807   1.132092441    2.949901111    0.4260823514   
367      I1         1.085307343    2.268064449    0.7561645807   1.132092441    2.949901111    0.4254165017   
368      I1         1.085307343    2.268064449    0.7684145807   1.008342441    2.949901111    0.4243313912   
369      I1         1.085307343    2.268064449    0.7684145807   1.132092441    2.924901111    0.4257256221   
370      I1         1.119057343    2.268064449    0.7684145807   1.008342441    2.949901111    0.4250975277   
371      I1         1.085307343    2.301814449    0.7684145807   1.008342441    2.949901111    0.4240698857   
372      I1         1.085307343    2.268064449    0.7806645807   1.008342441    2.949901111    0.4249273133   
373      I1         1.085307343    2.268064449    0.7684145807   1.008342441    2.974901111    0.4243313912   
374      I1         1.051557343    2.268064449    0.7684145807   1.008342441    2.949901111    0.4268606848   
375      I1         1.085307343    2.234314449    0.7684145807   1.008342441    2.949901111    0.4247043204   
376      I1         1.085307343    2.268064449    0.7561645807   1.008342441    2.949901111    0.4240225371   
377      I1         1.085307343    2.268064449    0.7684145807   1.008342441    2.924901111    0.4243313912   
378      I1         1.119057343    2.268064449    0.7561645807   1.008342441    2.949901111    0.4253363599   
379      I1         1.085307343    2.301814449    0.7561645807   1.008342441    2.949901111    0.4237380748   
380      I1         1.085307343    2.268064449    0.7561645807   1.008342441    2.974901111    0.4240225371   
381      I1         1.051557343    2.268064449    0.7561645807   1.008342441    2.949901111    0.4259151068   
382      I1         1.085307343    2.234314449    0.7561645807   1.008342441    2.949901111    0.4244226245   
383      I1         1.085307343    2.268064449    0.7439145807   1.008342441    2.949901111    0.424000751    
384      I1         1.085307343    2.268064449    0.7561645807   0.8845924409   2.949901111    0.4260305503   
385      I1         1.085307343    2.268064449    0.7561645807   1.008342441    2.924901111    0.4240225371   
386      I1         1.119057343    2.301814449    0.7561645807   1.008342441    2.949901111    0.4249214286   
387      I1         1.085307343    2.335564449    0.7561645807   1.008342441    2.949901111    0.423553883    
388      I1         1.085307343    2.301814449    0.7561645807   1.132092441    2.949901111    0.4251480818   
389      I1         1.085307343    2.301814449    0.7561645807   1.008342441    2.974901111    0.4237380748   
390      I1         1.051557343    2.301814449    0.7561645807   1.008342441    2.949901111    0.4257597229   
391      I1         1.085307343    2.301814449    0.7439145807   1.008342441    2.949901111    0.4236961715   
392      I1         1.085307343    2.301814449    0.7561645807   0.8845924409   2.949901111    0.4257223268   
393      I1         1.085307343    2.301814449    0.7561645807   1.008342441    2.924901111    0.4237380748   
394      I1         1.119057343    2.335564449    0.7561645807   1.008342441    2.949901111    0.4246102759   
395      I1         1.085307343    2.369314449    0.7561645807   1.008342441    2.949901111    0.4234545344   
396      I1         1.085307343    2.335564449    0.7684145807   1.008342441    2.949901111    0.4239048957   
397      I1         1.085307343    2.335564449    0.7561645807   1.132092441    2.949901111    0.4249790352   
398      I1         1.085307343    2.335564449    0.7561645807   1.008342441    2.974901111    0.423553883    
399      I1         1.051557343    2.335564449    0.7561645807   1.008342441    2.949901111    0.4257009573   
400      I1         1.085307343    2.335564449    0.7439145807   1.008342441    2.949901111    0.4234953724   
401      I1         1.085307343    2.335564449    0.7561645807   0.8845924409   2.949901111    0.4255158654   
402      I1         1.085307343    2.335564449    0.7561645807   1.008342441    2.924901111    0.423553883    
403      I1         1.102182343    2.335564449    0.7561645807   1.008342441    2.949901111    0.4237155225   
404      I1         1.085307343    2.352439449    0.7561645807   1.008342441    2.949901111    0.423494554    
405      I1         1.085307343    2.335564449    0.7622895807   1.008342441    2.949901111    0.4236928266   
406      I1         1.085307343    2.335564449    0.7561645807   1.070217441    2.949901111    0.4233076706   
407      I1         1.085307343    2.335564449    0.7561645807   1.008342441    2.962401111    0.423553883    
408      I1         1.068432343    2.335564449    0.7561645807   1.008342441    2.949901111    0.4242099049   
409      I1         1.085307343    2.318689449    0.7561645807   1.008342441    2.949901111    0.4236344148   
410      I1         1.085307343    2.335564449    0.7500395807   1.008342441    2.949901111    0.4234880649   
411      I1         1.085307343    2.335564449    0.7561645807   0.9464674409   2.949901111    0.4242790608   
412      I1         1.085307343    2.335564449    0.7561645807   1.008342441    2.937401111    0.423553883    
413      I1         1.102182343    2.335564449    0.7561645807   1.070217441    2.949901111    0.4234091475   
414      I1         1.085307343    2.352439449    0.7561645807   1.070217441    2.949901111    0.4232529814   
415      I1         1.085307343    2.335564449    0.7622895807   1.070217441    2.949901111    0.423441279    
416      I1         1.085307343    2.335564449    0.7561645807   1.132092441    2.949901111    0.4249790352   
417      I1         1.085307343    2.335564449    0.7561645807   1.070217441    2.962401111    0.4233076706   
418      I1         1.068432343    2.335564449    0.7561645807   1.070217441    2.949901111    0.4240343275   
419      I1         1.085307343    2.318689449    0.7561645807   1.070217441    2.949901111    0.423383414    
420      I1         1.085307343    2.335564449    0.7500395807   1.070217441    2.949901111    0.4232470886   
421      I1         1.085307343    2.335564449    0.7561645807   1.070217441    2.937401111    0.4233076706   
422      I1         1.102182343    2.335564449    0.7500395807   1.070217441    2.949901111    0.423487174    
423      I1         1.085307343    2.352439449    0.7500395807   1.070217441    2.949901111    0.4231887787   
424      I1         1.085307343    2.335564449    0.7500395807   1.132092441    2.949901111    0.4249133539   
425      I1         1.085307343    2.335564449    0.7500395807   1.070217441    2.962401111    0.4232470886   
426      I1         1.068432343    2.335564449    0.7500395807   1.070217441    2.949901111    0.4238236802   
427      I1         1.085307343    2.318689449    0.7500395807   1.070217441    2.949901111    0.4233268355   
428      I1         1.085307343    2.335564449    0.7439145807   1.070217441    2.949901111    0.4232595332   
429      I1         1.085307343    2.335564449    0.7500395807   1.070217441    2.937401111    0.4232470886   
430      I1         1.102182343    2.352439449    0.7500395807   1.070217441    2.949901111    0.4233976196   
431      I1         1.085307343    2.369314449    0.7500395807   1.070217441    2.949901111    0.4231499833   
432      I1         1.085307343    2.352439449    0.7500395807   1.132092441    2.949901111    0.4248576888   
433      I1         1.085307343    2.352439449    0.7500395807   1.070217441    2.962401111    0.4231887787   
434      I1         1.068432343    2.352439449    0.7500395807   1.070217441    2.949901111    0.4237963514   
435      I1         1.085307343    2.352439449    0.7439145807   1.070217441    2.949901111    0.4231979041   
436      I1         1.085307343    2.352439449    0.7500395807   1.008342441    2.949901111    0.4234250169   
437      I1         1.085307343    2.352439449    0.7500395807   1.070217441    2.937401111    0.4231887787   
438      I1         1.093744843    2.352439449    0.7500395807   1.070217441    2.949901111    0.4231940061   
439      I1         1.085307343    2.360876949    0.7500395807   1.070217441    2.949901111    0.4231670601   
440      I1         1.085307343    2.352439449    0.7531020807   1.070217441    2.949901111    0.423211714    
441      I1         1.085307343    2.352439449    0.7500395807   1.101154941    2.949901111    0.4236638055   
442      I1         1.085307343    2.352439449    0.7500395807   1.070217441    2.956151111    0.4231887787   
443      I1         1.076869843    2.352439449    0.7500395807   1.070217441    2.949901111    0.4233913053   
444      I1         1.085307343    2.344001949    0.7500395807   1.070217441    2.949901111    0.4232153751   
445      I1         1.085307343    2.352439449    0.7469770807   1.070217441    2.949901111    0.4231841754   
446      I1         1.085307343    2.352439449    0.7500395807   1.039279941    2.949901111    0.4232462649   
447      I1         1.085307343    2.352439449    0.7500395807   1.070217441    2.943651111    0.4231887787   
448      I1         1.093744843    2.360876949    0.7500395807   1.070217441    2.949901111    0.4231645917   
449      I1         1.085307343    2.369314449    0.7500395807   1.070217441    2.949901111    0.4231499833   
450      I1         1.085307343    2.360876949    0.7531020807   1.070217441    2.949901111    0.4231908155   
451      I1         1.085307343    2.360876949    0.7500395807   1.101154941    2.949901111    0.423642928    
452      I1         1.085307343    2.360876949    0.7500395807   1.070217441    2.956151111    0.4231670601   
453      I1         1.076869843    2.360876949    0.7500395807   1.070217441    2.949901111    0.4233772269   
454      I1         1.085307343    2.360876949    0.7469770807   1.070217441    2.949901111    0.4231616731   
455      I1         1.085307343    2.360876949    0.7500395807   1.039279941    2.949901111    0.423223429    
456      I1         1.085307343    2.360876949    0.7500395807   1.070217441    2.943651111    0.4231670601   
457      I1         1.093744843    2.369314449    0.7500395807   1.070217441    2.949901111    0.4231398883   
458      I1         1.085307343    2.377751949    0.7500395807   1.070217441    2.949901111    0.4231373154   
459      I1         1.085307343    2.369314449    0.7531020807   1.070217441    2.949901111    0.423174517    
460      I1         1.085307343    2.369314449    0.7500395807   1.101154941    2.949901111    0.4236266787   
461      I1         1.085307343    2.369314449    0.7500395807   1.070217441    2.956151111    0.4231499833   
462      I1         1.076869843    2.369314449    0.7500395807   1.070217441    2.949901111    0.4233677204   
463      I1         1.085307343    2.369314449    0.7469770807   1.070217441    2.949901111    0.4231438534   
464      I1         1.085307343    2.369314449    0.7500395807   1.039279941    2.949901111    0.4232052532   
465      I1         1.085307343    2.369314449    0.7500395807   1.070217441    2.943651111    0.4231499833   
466      I1         1.093744843    2.377751949    0.7500395807   1.070217441    2.949901111    0.4231196649   
467      I1         1.085307343    2.386189449    0.7500395807   1.070217441    2.949901111    0.4231288277   
468      I1         1.085307343    2.377751949    0.7531020807   1.070217441    2.949901111    0.4231625878   
469      I1         1.085307343    2.377751949    0.7500395807   1.101154941    2.949901111    0.4236148251   
470      I1         1.085307343    2.377751949    0.7500395807   1.070217441    2.956151111    0.4231373154   
471      I1         1.076869843    2.377751949    0.7500395807   1.070217441    2.949901111    0.4233625516   
472      I1         1.085307343    2.377751949    0.7469770807   1.070217441    2.949901111    0.4231304816   
473      I1         1.085307343    2.377751949    0.7500395807   1.039279941    2.949901111    0.4231915045   
474      I1         1.085307343    2.377751949    0.7500395807   1.070217441    2.943651111    0.4231373154   
475      I1         1.102182343    2.377751949    0.7500395807   1.070217441    2.949901111    0.4233003072   
476      I1         1.093744843    2.386189449    0.7500395807   1.070217441    2.949901111    0.4231036938   
477      I1         1.093744843    2.377751949    0.7531020807   1.070217441    2.949901111    0.4231098806   
478      I1         1.093744843    2.377751949    0.7500395807   1.101154941    2.949901111    0.4235798193   
479      I1         1.093744843    2.377751949    0.7500395807   1.070217441    2.956151111    0.4231196649   
480      I1         1.093744843    2.377751949    0.7469770807   1.070217441    2.949901111    0.4231476353   
481      I1         1.093744843    2.377751949    0.7500395807   1.039279941    2.949901111    0.4231900132   
482      I1         1.093744843    2.377751949    0.7500395807   1.070217441    2.943651111    0.4231196649   
483      I1         1.110619843    2.386189449    0.7500395807   1.070217441    2.949901111    0.4236386774   
484      I1         1.093744843    2.403064449    0.7500395807   1.070217441    2.949901111    0.4230836205   
485      I1         1.093744843    2.386189449    0.7561645807   1.070217441    2.949901111    0.423103812    
486      I1         1.093744843    2.386189449    0.7500395807   1.132092441    2.949901111    0.4247430197   
487      I1         1.093744843    2.386189449    0.7500395807   1.070217441    2.962401111    0.4231036938   
488      I1         1.076869843    2.386189449    0.7500395807   1.070217441    2.949901111    0.4233614903   
489      I1         1.093744843    2.369314449    0.7500395807   1.070217441    2.949901111    0.4231398883   
490      I1         1.093744843    2.386189449    0.7439145807   1.070217441    2.949901111    0.4231764555   
491      I1         1.093744843    2.386189449    0.7500395807   1.008342441    2.949901111    0.4233622516   
492      I1         1.093744843    2.386189449    0.7500395807   1.070217441    2.937401111    0.4231036938   
493      I1         1.102182343    2.386189449    0.7500395807   1.070217441    2.949901111    0.4232768205   
494      I1         1.093744843    2.394626949    0.7500395807   1.070217441    2.949901111    0.423091752    
495      I1         1.093744843    2.386189449    0.7531020807   1.070217441    2.949901111    0.4230946429   
496      I1         1.093744843    2.386189449    0.7500395807   1.101154941    2.949901111    0.423564648    
497      I1         1.093744843    2.386189449    0.7500395807   1.070217441    2.956151111    0.4231036938   
498      I1         1.093744843    2.386189449    0.7469770807   1.070217441    2.949901111    0.4231309647   
499      I1         1.093744843    2.386189449    0.7500395807   1.039279941    2.949901111    0.423172982    
500      I1         1.093744843    2.386189449    0.7500395807   1.070217441    2.943651111    0.4231036938   
501      I1         1.102182343    2.394626949    0.7500395807   1.070217441    2.949901111    0.4232574361   
502      I1         1.093744843    2.403064449    0.7500395807   1.070217441    2.949901111    0.4230836205   
503      I1         1.093744843    2.394626949    0.7531020807   1.070217441    2.949901111    0.423083398    
504      I1         1.093744843    2.394626949    0.7500395807   1.101154941    2.949901111    0.4235534925   
505      I1         1.093744843    2.394626949    0.7500395807   1.070217441    2.956151111    0.423091752    
506      I1         1.085307343    2.394626949    0.7500395807   1.070217441    2.949901111    0.4231242955   
507      I1         1.093744843    2.394626949    0.7469770807   1.070217441    2.949901111    0.4231183588   
508      I1         1.093744843    2.394626949    0.7500395807   1.039279941    2.949901111    0.4231599977   
509      I1         1.093744843    2.394626949    0.7500395807   1.070217441    2.943651111    0.423091752    
510      I1         1.097963593    2.394626949    0.7500395807   1.070217441    2.949901111    0.4231514353   
511      I1         1.093744843    2.398845699    0.7500395807   1.070217441    2.949901111    0.4230872234   
512      I1         1.093744843    2.394626949    0.7515708307   1.070217441    2.949901111    0.4230852934   
513      I1         1.093744843    2.394626949    0.7500395807   1.085686191    2.949901111    0.423170175    
514      I1         1.093744843    2.394626949    0.7500395807   1.070217441    2.953026111    0.423091752    
515      I1         1.089526093    2.394626949    0.7500395807   1.070217441    2.949901111    0.4230824605   
516      I1         1.093744843    2.390408199    0.7500395807   1.070217441    2.949901111    0.423097233    
517      I1         1.093744843    2.394626949    0.7485083307   1.070217441    2.949901111    0.4231027738   
518      I1         1.093744843    2.394626949    0.7500395807   1.054748691    2.949901111    0.4230930884   
519      I1         1.093744843    2.394626949    0.7500395807   1.070217441    2.946776111    0.423091752    
520      I1         1.089526093    2.398845699    0.7500395807   1.070217441    2.949901111    0.4230797738   
521      I1         1.089526093    2.394626949    0.7515708307   1.070217441    2.949901111    0.4230846435   
522      I1         1.089526093    2.394626949    0.7500395807   1.085686191    2.949901111    0.4231652072   
523      I1         1.089526093    2.394626949    0.7500395807   1.070217441    2.953026111    0.4230824605   
524      I1         1.085307343    2.394626949    0.7500395807   1.070217441    2.949901111    0.4231242955   
525      I1         1.089526093    2.390408199    0.7500395807   1.070217441    2.949901111    0.4230860903   
526      I1         1.089526093    2.394626949    0.7485083307   1.070217441    2.949901111    0.423084872    
527      I1         1.089526093    2.394626949    0.7500395807   1.054748691    2.949901111    0.4230798288   
528      I1         1.089526093    2.394626949    0.7500395807   1.070217441    2.946776111    0.4230824605   
529      I1         1.089526093    2.403064449    0.7500395807   1.070217441    2.949901111    0.4230780033   
530      I1         1.089526093    2.398845699    0.7515708307   1.070217441    2.949901111    0.4230821186   
531      I1         1.089526093    2.398845699    0.7500395807   1.085686191    2.949901111    0.4231627528   
532      I1         1.089526093    2.398845699    0.7500395807   1.070217441    2.953026111    0.4230797738   
533      I1         1.085307343    2.398845699    0.7500395807   1.070217441    2.949901111    0.4231234437   
534      I1         1.089526093    2.398845699    0.7485083307   1.070217441    2.949901111    0.4230820277   
535      I1         1.089526093    2.398845699    0.7500395807   1.054748691    2.949901111    0.4230768938   
536      I1         1.089526093    2.398845699    0.7500395807   1.070217441    2.946776111    0.4230797738   
537      I1         1.093744843    2.398845699    0.7500395807   1.054748691    2.949901111    0.4230883118   
538      I1         1.089526093    2.403064449    0.7500395807   1.054748691    2.949901111    0.4230748772   
539      I1         1.089526093    2.398845699    0.7515708307   1.054748691    2.949901111    0.4230795182   
540      I1         1.089526093    2.398845699    0.7500395807   1.054748691    2.953026111    0.4230768938   
541      I1         1.085307343    2.398845699    0.7500395807   1.054748691    2.949901111    0.4231165104   
542      I1         1.089526093    2.398845699    0.7485083307   1.054748691    2.949901111    0.4230788699   
543      I1         1.089526093    2.398845699    0.7500395807   1.039279941    2.949901111    0.4231395106   
544      I1         1.089526093    2.398845699    0.7500395807   1.054748691    2.946776111    0.4230768938   
545      I1         1.091635468    2.398845699    0.7500395807   1.054748691    2.949901111    0.4230762695   
546      I1         1.089526093    2.400955074    0.7500395807   1.054748691    2.949901111    0.4230757724   
547      I1         1.089526093    2.398845699    0.7508052057   1.054748691    2.949901111    0.423077631    
548      I1         1.089526093    2.398845699    0.7500395807   1.062483066    2.949901111    0.4230487079   
549      I1         1.089526093    2.398845699    0.7500395807   1.054748691    2.951463611    0.4230768938   
550      I1         1.087416718    2.398845699    0.7500395807   1.054748691    2.949901111    0.4230902768   
551      I1         1.089526093    2.396736324    0.7500395807   1.054748691    2.949901111    0.4230782448   
552      I1         1.089526093    2.398845699    0.7492739557   1.054748691    2.949901111    0.4230773068   
553      I1         1.089526093    2.398845699    0.7500395807   1.047014316    2.949901111    0.4231049896   
554      I1         1.089526093    2.398845699    0.7500395807   1.054748691    2.948338611    0.4230768938   
555      I1         1.091635468    2.398845699    0.7500395807   1.062483066    2.949901111    0.4230471307   
556      I1         1.089526093    2.400955074    0.7500395807   1.062483066    2.949901111    0.4230476514   
557      I1         1.089526093    2.398845699    0.7508052057   1.062483066    2.949901111    0.4230493522   
558      I1         1.089526093    2.398845699    0.7500395807   1.070217441    2.949901111    0.4230797738   
559      I1         1.089526093    2.398845699    0.7500395807   1.062483066    2.951463611    0.4230487079   
560      I1         1.087416718    2.398845699    0.7500395807   1.062483066    2.949901111    0.4230630545   
561      I1         1.089526093    2.396736324    0.7500395807   1.062483066    2.949901111    0.4230499937   
562      I1         1.089526093    2.398845699    0.7492739557   1.062483066    2.949901111    0.4230492135   
563      I1         1.089526093    2.398845699    0.7500395807   1.062483066    2.948338611    0.4230487079   
564      I1         1.093744843    2.398845699    0.7500395807   1.062483066    2.949901111    0.423058231    
565      I1         1.091635468    2.400955074    0.7500395807   1.062483066    2.949901111    0.423045616    
566      I1         1.091635468    2.398845699    0.7508052057   1.062483066    2.949901111    0.4230456077   
567      I1         1.091635468    2.398845699    0.7500395807   1.070217441    2.949901111    0.4230771547   
568      I1         1.091635468    2.398845699    0.7500395807   1.062483066    2.951463611    0.4230471307   
569      I1         1.091635468    2.396736324    0.7500395807   1.062483066    2.949901111    0.423048876    
570      I1         1.091635468    2.398845699    0.7492739557   1.062483066    2.949901111    0.4230497997   
571      I1         1.091635468    2.398845699    0.7500395807   1.062483066    2.948338611    0.4230471307   
572      I1         1.093744843    2.398845699    0.7508052057   1.062483066    2.949901111    0.4230545631   
573      I1         1.091635468    2.400955074    0.7508052057   1.062483066    2.949901111    0.423044133    
574      I1         1.091635468    2.398845699    0.7515708307   1.062483066    2.949901111    0.4230452307   
575      I1         1.091635468    2.398845699    0.7508052057   1.070217441    2.949901111    0.4230755836   
576      I1         1.091635468    2.398845699    0.7508052057   1.062483066    2.951463611    0.4230456077   
577      I1         1.091635468    2.396736324    0.7508052057   1.062483066    2.949901111    0.4230473124   
578      I1         1.091635468    2.398845699    0.7508052057   1.054748691    2.949901111    0.4230748407   
579      I1         1.091635468    2.398845699    0.7508052057   1.062483066    2.948338611    0.4230456077   
580      I1         1.093744843    2.400955074    0.7508052057   1.062483066    2.949901111    0.4230526298   
581      I1         1.091635468    2.403064449    0.7508052057   1.062483066    2.949901111    0.4230428849   
582      I1         1.091635468    2.400955074    0.7515708307   1.062483066    2.949901111    0.4230437965   
583      I1         1.091635468    2.400955074    0.7508052057   1.070217441    2.949901111    0.4230741671   
584      I1         1.091635468    2.400955074    0.7508052057   1.062483066    2.951463611    0.423044133    
585      I1         1.089526093    2.400955074    0.7508052057   1.062483066    2.949901111    0.4230483352   
586      I1         1.091635468    2.400955074    0.7508052057   1.054748691    2.949901111    0.4230733013   
587      I1         1.091635468    2.400955074    0.7508052057   1.062483066    2.948338611    0.423044133    
588      I1         1.095854218    2.403064449    0.7508052057   1.062483066    2.949901111    0.4230715701   
589      I1         1.091635468    2.407283199    0.7508052057   1.062483066    2.949901111    0.4230410553   
590      I1         1.091635468    2.403064449    0.7523364557   1.062483066    2.949901111    0.4230434388   
591      I1         1.091635468    2.403064449    0.7508052057   1.077951816    2.949901111    0.4231119176   
592      I1         1.091635468    2.403064449    0.7508052057   1.062483066    2.953026111    0.4230428849   
593      I1         1.087416718    2.403064449    0.7508052057   1.062483066    2.949901111    0.4230649927   
594      I1         1.091635468    2.398845699    0.7508052057   1.062483066    2.949901111    0.4230456077   
595      I1         1.091635468    2.403064449    0.7492739557   1.062483066    2.949901111    0.4230469187   
596      I1         1.091635468    2.403064449    0.7508052057   1.047014316    2.949901111    0.4231010228   
597      I1         1.091635468    2.403064449    0.7508052057   1.062483066    2.946776111    0.4230428849   
598      I1         1.093744843    2.403064449    0.7508052057   1.062483066    2.949901111    0.4230509243   
599      I1         1.091635468    2.405173824    0.7508052057   1.062483066    2.949901111    0.4230418601   
600      I1         1.091635468    2.403064449    0.7515708307   1.062483066    2.949901111    0.4230425884   
601      I1         1.091635468    2.403064449    0.7508052057   1.070217441    2.949901111    0.423072977    
602      I1         1.091635468    2.403064449    0.7508052057   1.062483066    2.951463611    0.4230428849   
603      I1         1.089526093    2.403064449    0.7508052057   1.062483066    2.949901111    0.4230475437   
604      I1         1.091635468    2.403064449    0.7500395807   1.062483066    2.949901111    0.4230443283   
605      I1         1.091635468    2.403064449    0.7508052057   1.054748691    2.949901111    0.4230719888   
606      I1         1.091635468    2.403064449    0.7508052057   1.062483066    2.948338611    0.4230428849   
607      I1         1.093744843    2.405173824    0.7508052057   1.062483066    2.949901111    0.4230494432   
608      I1         1.091635468    2.407283199    0.7508052057   1.062483066    2.949901111    0.4230410553   
609      I1         1.091635468    2.405173824    0.7515708307   1.062483066    2.949901111    0.4230416031   
610      I1         1.091635468    2.405173824    0.7508052057   1.070217441    2.949901111    0.4230720099   
611      I1         1.091635468    2.405173824    0.7508052057   1.062483066    2.951463611    0.4230418601   
612      I1         1.089526093    2.405173824    0.7508052057   1.062483066    2.949901111    0.4230469743   
613      I1         1.091635468    2.405173824    0.7500395807   1.062483066    2.949901111    0.4230432645   
614      I1         1.091635468    2.405173824    0.7508052057   1.054748691    2.949901111    0.4230708998   
615      I1         1.091635468    2.405173824    0.7508052057   1.062483066    2.948338611    0.4230418601   
616      I1         1.093744843    2.407283199    0.7508052057   1.062483066    2.949901111    0.4230481834   
617      I1         1.091635468    2.409392574    0.7508052057   1.062483066    2.949901111    0.4230404672   
618      I1         1.091635468    2.407283199    0.7515708307   1.062483066    2.949901111    0.4230408373   
619      I1         1.091635468    2.407283199    0.7508052057   1.070217441    2.949901111    0.4230712626   
620      I1         1.091635468    2.407283199    0.7508052057   1.062483066    2.951463611    0.4230410553   
621      I1         1.089526093    2.407283199    0.7508052057   1.062483066    2.949901111    0.4230466236   
622      I1         1.091635468    2.407283199    0.7500395807   1.062483066    2.949901111    0.4230424212   
623      I1         1.091635468    2.407283199    0.7508052057   1.054748691    2.949901111    0.4230700312   
624      I1         1.091635468    2.407283199    0.7508052057   1.062483066    2.948338611    0.4230410553   
625      I1         1.092690155    2.407283199    0.7508052057   1.062483066    2.949901111    0.423043038    
626      I1         1.091635468    2.408337886    0.7508052057   1.062483066    2.949901111    0.4230407344   
627      I1         1.091635468    2.407283199    0.7511880182   1.062483066    2.949901111    0.4230408028   
628      I1         1.091635468    2.407283199    0.7508052057   1.066350253    2.949901111    0.4230528926   
629      I1         1.091635468    2.407283199    0.7508052057   1.062483066    2.950682361    0.4230410553   
630      I1         1.09058078     2.407283199    0.7508052057   1.062483066    2.949901111    0.4230422467   
631      I1         1.091635468    2.406228511    0.7508052057   1.062483066    2.949901111    0.4230414304   
632      I1         1.091635468    2.407283199    0.7504223932   1.062483066    2.949901111    0.4230415947   
633      I1         1.091635468    2.407283199    0.7508052057   1.058615878    2.949901111    0.4230560616   
634      I1         1.091635468    2.407283199    0.7508052057   1.062483066    2.949119861    0.4230410553   
635      I1         1.092690155    2.408337886    0.7508052057   1.062483066    2.949901111    0.4230426036   
636      I1         1.091635468    2.408337886    0.7511880182   1.062483066    2.949901111    0.4230404915   
637      I1         1.091635468    2.408337886    0.7508052057   1.066350253    2.949901111    0.4230525862   
638      I1         1.091635468    2.408337886    0.7508052057   1.062483066    2.950682361    0.4230407344   
639      I1         1.09058078     2.408337886    0.7508052057   1.062483066    2.949901111    0.4230420391   
640      I1         1.091635468    2.408337886    0.7504223932   1.062483066    2.949901111    0.4230412643   
641      I1         1.091635468    2.408337886    0.7508052057   1.058615878    2.949901111    0.4230557248   
642      I1         1.091635468    2.408337886    0.7508052057   1.062483066    2.949119861    0.4230407344   
643      I1         1.092690155    2.409392574    0.7508052057   1.062483066    2.949901111    0.4230422231   
644      I1         1.091635468    2.410447261    0.7508052057   1.062483066    2.949901111    0.4230402535   
645      I1         1.091635468    2.409392574    0.7511880182   1.062483066    2.949901111    0.4230402339   
646      I1         1.091635468    2.409392574    0.7508052057   1.066350253    2.949901111    0.4230523335   
647      I1         1.091635468    2.409392574    0.7508052057   1.062483066    2.950682361    0.4230404672   
648      I1         1.09058078     2.409392574    0.7508052057   1.062483066    2.949901111    0.4230418852   
649      I1         1.091635468    2.409392574    0.7504223932   1.062483066    2.949901111    0.4230409876   
650      I1         1.091635468    2.409392574    0.7508052057   1.058615878    2.949901111    0.4230554418   
651      I1         1.091635468    2.409392574    0.7508052057   1.062483066    2.949119861    0.4230404672   
652      I1         1.092690155    2.409392574    0.7511880182   1.062483066    2.949901111    0.4230414521   
653      I1         1.091635468    2.410447261    0.7511880182   1.062483066    2.949901111    0.4230400297   
654      I1         1.091635468    2.409392574    0.7515708307   1.062483066    2.949901111    0.4230402878   
655      I1         1.091635468    2.409392574    0.7511880182   1.066350253    2.949901111    0.4230520864   
656      I1         1.091635468    2.409392574    0.7511880182   1.062483066    2.950682361    0.4230402339   
657      I1         1.09058078     2.409392574    0.7511880182   1.062483066    2.949901111    0.4230421924   
658      I1         1.091635468    2.409392574    0.7511880182   1.058615878    2.949901111    0.423055233    
659      I1         1.091635468    2.409392574    0.7511880182   1.062483066    2.949119861    0.4230402339   
660      I1         1.092690155    2.410447261    0.7511880182   1.062483066    2.949901111    0.4230411347   
661      I1         1.091635468    2.411501949    0.7511880182   1.062483066    2.949901111    0.4230398783   
662      I1         1.091635468    2.410447261    0.7515708307   1.062483066    2.949901111    0.4230400931   
663      I1         1.091635468    2.410447261    0.7511880182   1.066350253    2.949901111    0.4230518966   
664      I1         1.091635468    2.410447261    0.7511880182   1.062483066    2.950682361    0.4230400297   
665      I1         1.09058078     2.410447261    0.7511880182   1.062483066    2.949901111    0.4230421012   
666      I1         1.091635468    2.410447261    0.7511880182   1.058615878    2.949901111    0.4230550129   
667      I1         1.091635468    2.410447261    0.7511880182   1.062483066    2.949119861    0.4230400297   
668      I1         1.092162811    2.410447261    0.7511880182   1.062483066    2.949901111    0.4230401859   
669      I1         1.091635468    2.410974605    0.7511880182   1.062483066    2.949901111    0.4230399474   
670      I1         1.091635468    2.410447261    0.7513794244   1.062483066    2.949901111    0.4230400255   
671      I1         1.091635468    2.410447261    0.7511880182   1.06441666     2.949901111    0.4230429853   
672      I1         1.091635468    2.410447261    0.7511880182   1.062483066    2.950291736    0.4230400297   
673      I1         1.091108124    2.410447261    0.7511880182   1.062483066    2.949901111    0.4230406676   
674      I1         1.091635468    2.409919917    0.7511880182   1.062483066    2.949901111    0.4230401252   
675      I1         1.091635468    2.410447261    0.7509966119   1.062483066    2.949901111    0.4230401057   
676      I1         1.091635468    2.410447261    0.7511880182   1.060549472    2.949901111    0.4230474141   
677      I1         1.091635468    2.410447261    0.7511880182   1.062483066    2.949510486    0.4230400297   
678      I1         1.092162811    2.410974605    0.7511880182   1.062483066    2.949901111    0.4230400753   
679      I1         1.091635468    2.410974605    0.7513794244   1.062483066    2.949901111    0.4230399456   
680      I1         1.091635468    2.410974605    0.7511880182   1.06441666     2.949901111    0.4230429067   
681      I1         1.091635468    2.410974605    0.7511880182   1.062483066    2.950291736    0.4230399474   
682      I1         1.091108124    2.410974605    0.7511880182   1.062483066    2.949901111    0.4230406136   
683      I1         1.091635468    2.410974605    0.7509966119   1.062483066    2.949901111    0.423040021    
684      I1         1.091635468    2.410974605    0.7511880182   1.060549472    2.949901111    0.4230473279   
685      I1         1.091635468    2.410974605    0.7511880182   1.062483066    2.949510486    0.4230399474   
686      I1         1.092162811    2.411501949    0.7511880182   1.062483066    2.949901111    0.423039978    
687      I1         1.091635468    2.412029292    0.7511880182   1.062483066    2.949901111    0.4230398224   
688      I1         1.091635468    2.411501949    0.7513794244   1.062483066    2.949901111    0.4230398789   
689      I1         1.091635468    2.411501949    0.7511880182   1.06441666     2.949901111    0.4230428413   
690      I1         1.091635468    2.411501949    0.7511880182   1.062483066    2.950291736    0.4230398783   
691      I1         1.091108124    2.411501949    0.7511880182   1.062483066    2.949901111    0.4230405727   
692      I1         1.091635468    2.411501949    0.7509966119   1.062483066    2.949901111    0.4230399496   
693      I1         1.091635468    2.411501949    0.7511880182   1.060549472    2.949901111    0.4230472548   
694      I1         1.091635468    2.411501949    0.7511880182   1.062483066    2.949510486    0.4230398783   
695      I1         1.092162811    2.412029292    0.7511880182   1.062483066    2.949901111    0.4230398939   
696      I1         1.091635468    2.412556636    0.7511880182   1.062483066    2.949901111    0.4230397795   
697      I1         1.091635468    2.412029292    0.7513794244   1.062483066    2.949901111    0.4230398253   
698      I1         1.091635468    2.412029292    0.7511880182   1.06441666     2.949901111    0.423042789    
699      I1         1.091635468    2.412029292    0.7511880182   1.062483066    2.950291736    0.4230398224   
700      I1         1.091108124    2.412029292    0.7511880182   1.062483066    2.949901111    0.423040545    
701      I1         1.091635468    2.412029292    0.7509966119   1.062483066    2.949901111    0.4230398913   
702      I1         1.091635468    2.412029292    0.7511880182   1.060549472    2.949901111    0.423047195    
703      I1         1.091635468    2.412029292    0.7511880182   1.062483066    2.949510486    0.4230398224   
704      I1         1.092162811    2.412556636    0.7511880182   1.062483066    2.949901111    0.4230398228   
705      I1         1.091635468    2.41308398     0.7511880182   1.062483066    2.949901111    0.4230397496   
706      I1         1.091635468    2.412556636    0.7513794244   1.062483066    2.949901111    0.4230397847   
707      I1         1.091635468    2.412556636    0.7511880182   1.06441666     2.949901111    0.4230427498   
708      I1         1.091635468    2.412556636    0.7511880182   1.062483066    2.950291736    0.4230397795   
709      I1         1.091108124    2.412556636    0.7511880182   1.062483066    2.949901111    0.4230405303   
710      I1         1.091635468    2.412556636    0.7509966119   1.062483066    2.949901111    0.423039846    
711      I1         1.091635468    2.412556636    0.7511880182   1.060549472    2.949901111    0.4230471481   
712      I1         1.091635468    2.412556636    0.7511880182   1.062483066    2.949510486    0.4230397795   
713      I1         1.091899139    2.412556636    0.7511880182   1.062483066    2.949901111    0.423039702    
714      I1         1.091635468    2.412820308    0.7511880182   1.062483066    2.949901111    0.4230397629   
715      I1         1.091635468    2.412556636    0.7512837213   1.062483066    2.949901111    0.4230397731   
716      I1         1.091635468    2.412556636    0.7511880182   1.063449863    2.949901111    0.4230383595   
717      I1         1.091635468    2.412556636    0.7511880182   1.062483066    2.950096424    0.4230397795   
718      I1         1.091371796    2.412556636    0.7511880182   1.062483066    2.949901111    0.4230400555   
719      I1         1.091635468    2.412292964    0.7511880182   1.062483066    2.949901111    0.4230397993   
720      I1         1.091635468    2.412556636    0.751092315    1.062483066    2.949901111    0.4230398038   
721      I1         1.091635468    2.412556636    0.7511880182   1.061516269    2.949901111    0.423043437    
722      I1         1.091635468    2.412556636    0.7511880182   1.062483066    2.949705799    0.4230397795   
723      I1         1.091899139    2.412556636    0.7511880182   1.063449863    2.949901111    0.4230382669   
724      I1         1.091635468    2.412820308    0.7511880182   1.063449863    2.949901111    0.4230383439   
725      I1         1.091635468    2.412556636    0.7512837213   1.063449863    2.949901111    0.4230383519   
726      I1         1.091635468    2.412556636    0.7511880182   1.063449863    2.950096424    0.4230383595   
727      I1         1.091371796    2.412556636    0.7511880182   1.063449863    2.949901111    0.4230386507   
728      I1         1.091635468    2.412292964    0.7511880182   1.063449863    2.949901111    0.4230383784   
729      I1         1.091635468    2.412556636    0.751092315    1.063449863    2.949901111    0.4230383851   
730      I1         1.091635468    2.412556636    0.7511880182   1.063449863    2.949705799    0.4230383595   
731      I1         1.092162811    2.412556636    0.7511880182   1.063449863    2.949901111    0.4230383727   
732      I1         1.091899139    2.412820308    0.7511880182   1.063449863    2.949901111    0.4230382443   
733      I1         1.091899139    2.412556636    0.7512837213   1.063449863    2.949901111    0.4230382256   
734      I1         1.091899139    2.412556636    0.7511880182   1.06441666     2.949901111    0.4230426409   
735      I1         1.091899139    2.412556636    0.7511880182   1.063449863    2.950096424    0.4230382669   
736      I1         1.091899139    2.412292964    0.7511880182   1.063449863    2.949901111    0.4230382928   
737      I1         1.091899139    2.412556636    0.751092315    1.063449863    2.949901111    0.4230383262   
738      I1         1.091899139    2.412556636    0.7511880182   1.063449863    2.949705799    0.4230382669   
739      I1         1.092162811    2.412556636    0.7512837213   1.063449863    2.949901111    0.4230382977   
740      I1         1.091899139    2.412820308    0.7512837213   1.063449863    2.949901111    0.4230382035   
741      I1         1.091899139    2.412556636    0.7513794244   1.063449863    2.949901111    0.4230382022   
742      I1         1.091899139    2.412556636    0.7512837213   1.06441666     2.949901111    0.4230425989   
743      I1         1.091899139    2.412556636    0.7512837213   1.063449863    2.950096424    0.4230382256   
744      I1         1.091899139    2.412292964    0.7512837213   1.063449863    2.949901111    0.4230382509   
745      I1         1.091899139    2.412556636    0.7512837213   1.062483066    2.949901111    0.4230396619   
746      I1         1.091899139    2.412556636    0.7512837213   1.063449863    2.949705799    0.4230382256   
747      I1         1.092162811    2.412556636    0.7513794244   1.063449863    2.949901111    0.4230382407   
748      I1         1.091899139    2.412820308    0.7513794244   1.063449863    2.949901111    0.4230381808   
749      I1         1.091899139    2.412556636    0.7514751275   1.063449863    2.949901111    0.4230381968   
750      I1         1.091899139    2.412556636    0.7513794244   1.06441666     2.949901111    0.4230425748   
751      I1         1.091899139    2.412556636    0.7513794244   1.063449863    2.950096424    0.4230382022   
752      I1         1.091635468    2.412556636    0.7513794244   1.063449863    2.949901111    0.4230383622   
753      I1         1.091899139    2.412292964    0.7513794244   1.063449863    2.949901111    0.423038227    
754      I1         1.091899139    2.412556636    0.7513794244   1.062483066    2.949901111    0.4230396398   
755      I1         1.091899139    2.412556636    0.7513794244   1.063449863    2.949705799    0.4230382022   
756      I1         1.092426483    2.412820308    0.7513794244   1.063449863    2.949901111    0.4230384419   
757      I1         1.091899139    2.413347652    0.7513794244   1.063449863    2.949901111    0.4230381476   
758      I1         1.091899139    2.412820308    0.7515708307   1.063449863    2.949901111    0.423038189    
759      I1         1.091899139    2.412820308    0.7513794244   1.065383457    2.949901111    0.4230469758   
760      I1         1.091899139    2.412820308    0.7513794244   1.063449863    2.950291736    0.4230381808   
761      I1         1.091371796    2.412820308    0.7513794244   1.063449863    2.949901111    0.4230387134   
762      I1         1.091899139    2.412820308    0.7511880182   1.063449863    2.949901111    0.4230382443   
763      I1         1.091899139    2.412820308    0.7513794244   1.061516269    2.949901111    0.4230432916   
764      I1         1.091899139    2.412820308    0.7513794244   1.063449863    2.949510486    0.4230381808   
765      I1         1.092162811    2.412820308    0.7513794244   1.063449863    2.949901111    0.4230382122   
766      I1         1.091899139    2.41308398     0.7513794244   1.063449863    2.949901111    0.4230381625   
767      I1         1.091899139    2.412820308    0.7514751275   1.063449863    2.949901111    0.4230381759   
768      I1         1.091899139    2.412820308    0.7513794244   1.06441666     2.949901111    0.4230425542   
769      I1         1.091899139    2.412820308    0.7513794244   1.063449863    2.950096424    0.4230381808   
770      I1         1.091635468    2.412820308    0.7513794244   1.063449863    2.949901111    0.4230383478   
771      I1         1.091899139    2.412820308    0.7513794244   1.062483066    2.949901111    0.4230396174   
772      I1         1.091899139    2.412820308    0.7513794244   1.063449863    2.949705799    0.4230381808   
773      I1         1.092162811    2.41308398     0.7513794244   1.063449863    2.949901111    0.4230381869   
774      I1         1.091899139    2.41308398     0.7514751275   1.063449863    2.949901111    0.4230381583   
775      I1         1.091899139    2.41308398     0.7513794244   1.06441666     2.949901111    0.4230425368   
776      I1         1.091899139    2.41308398     0.7513794244   1.063449863    2.950096424    0.4230381625   
777      I1         1.091635468    2.41308398     0.7513794244   1.063449863    2.949901111    0.4230383366   
778      I1         1.091899139    2.41308398     0.7512837213   1.063449863    2.949901111    0.4230381847   
779      I1         1.091899139    2.41308398     0.7513794244   1.062483066    2.949901111    0.4230395982   
780      I1         1.091899139    2.41308398     0.7513794244   1.063449863    2.949705799    0.4230381625   
781      I1         1.092162811    2.413347652    0.7513794244   1.063449863    2.949901111    0.4230381649   
782      I1         1.091899139    2.413611324    0.7513794244   1.063449863    2.949901111    0.4230381358   
783      I1         1.091899139    2.413347652    0.7514751275   1.063449863    2.949901111    0.4230381439   
784      I1         1.091899139    2.413347652    0.7513794244   1.06441666     2.949901111    0.4230425227   
785      I1         1.091899139    2.413347652    0.7513794244   1.063449863    2.950096424    0.4230381476   
786      I1         1.091635468    2.413347652    0.7513794244   1.063449863    2.949901111    0.4230383286   
787      I1         1.091899139    2.413347652    0.7512837213   1.063449863    2.949901111    0.4230381692   
788      I1         1.091899139    2.413347652    0.7513794244   1.062483066    2.949901111    0.4230395823   
789      I1         1.091899139    2.413347652    0.7513794244   1.063449863    2.949705799    0.4230381476   
790      I1         1.092162811    2.413611324    0.7513794244   1.063449863    2.949901111    0.4230381461   
791      I1         1.091899139    2.413874995    0.7513794244   1.063449863    2.949901111    0.4230381273   
792      I1         1.091899139    2.413611324    0.7514751275   1.063449863    2.949901111    0.4230381327   
793      I1         1.091899139    2.413611324    0.7513794244   1.06441666     2.949901111    0.4230425119   
794      I1         1.091899139    2.413611324    0.7513794244   1.063449863    2.950096424    0.4230381358   
795      I1         1.091635468    2.413611324    0.7513794244   1.063449863    2.949901111    0.4230383239   
796      I1         1.091899139    2.413611324    0.7512837213   1.063449863    2.949901111    0.4230381568   
797      I1         1.091899139    2.413611324    0.7513794244   1.062483066    2.949901111    0.4230395696   
798      I1         1.091899139    2.413611324    0.7513794244   1.063449863    2.949705799    0.4230381358   
799      I1         1.092030975    2.413611324    0.7513794244   1.063449863    2.949901111    0.4230381162   
800      I1         1.091899139    2.413743159    0.7513794244   1.063449863    2.949901111    0.4230381312   
801      I1         1.091899139    2.413611324    0.751427276    1.063449863    2.949901111    0.423038132    
802      I1         1.091899139    2.413611324    0.7513794244   1.063933261    2.949901111    0.4230403178   
803      I1         1.091899139    2.413611324    0.7513794244   1.063449863    2.949998768    0.4230381358   
804      I1         1.091767303    2.413611324    0.7513794244   1.063449863    2.949901111    0.4230382051   
805      I1         1.091899139    2.413479488    0.7513794244   1.063449863    2.949901111    0.4230381413   
806      I1         1.091899139    2.413611324    0.7513315728   1.063449863    2.949901111    0.4230381441   
807      I1         1.091899139    2.413611324    0.7513794244   1.062966464    2.949901111    0.4230377541   
808      I1         1.091899139    2.413611324    0.7513794244   1.063449863    2.949803455    0.4230381358   
