%eval_id interface log__t_recession_soil log__t_recession_intermediate log__t_recession_deep f_exfiltration_soil f_exfiltration_intermediate PDD_melt_factor recession_b_soil log__fdd_threshold neg_kge        
1        I1         2.506172757    3.001925911    4.56279257     0.08187029442  0.1117894441   0.9572361427   3.81835422     1.974810004    10             
2        I1         3.960592963    3.375641144    4.329993795    0.7426416074   0.7193760053   3.697353834    1.601842645    0.2342803905   10             
3        I1         3.64182676     1.675014969    3.708914537    0.4832078674   0.0890321183   4.331382158    1.738973243    0.4107358551   10             
4        I1         4.444522133    2.466688338    4.090689889    0.3240121076   0.04916239375  5.190489881    1.927126987    2.991132966    10             
5        I1         2.805916008    2.44538112     3.893108868    0.2578996488   0.4326145925   4.286154237    5.443402785    2.116017835    10             
6        I1         3.243920644    3.12097754     3.541364796    0.6602045533   0.2052308283   5.08417707     4.377266686    0.9477062294   10             
7        I1         3.360102515    2.892347616    3.99823988     0.368880236    0.9170078746   0.4714102173   2.050071966    1.000439065    10             
8        I1         2.334402358    3.009355793    3.796296287    0.7300191398   0.4387943063   9.121403494    5.421167017    1.066911655    10             
9        I1         3.387314999    2.851031158    4.432171739    0.3745234011   0.9751072237   0.1747179927   5.619102955    1.763299569    10             
10       I1         1.048812386    3.227580738    4.176258382    0.3637232882   0.4543216541   5.656863288    4.659102621    0.4341217125   10             
11       I1         2.772149846    2.881848821    3.917340438    0.3820957175   0.03786302582  7.990311883    5.518346943    0.3854786578   10             
12       I1         4.297127695    2.827790624    4.48176922     0.2137834302   0.4023888976   3.831712223    3.757490202    1.446196789    10             
13       I1         2.609437255    1.174471905    3.992601579    0.8439753187   0.4692989556   5.581352577    5.871506125    1.276744053    10             
14       I1         3.761294158    3.55603549     4.578774884    0.5788593947   0.5611679837   1.177112345    4.421276697    1.956144609    10             
15       I1         3.181082234    1.308164404    4.386013343    0.2997027545   0.6515158266   4.894030408    3.903865097    1.514952042    10             
16       I1         4.0387544      4.342212523    3.779618818    0.5035474146   0.172586491    8.935380853    4.346777108    2.721607916    10             
17       I1         1.69257658     1.771736516    4.808364715    0.4257638904   0.2717204916   3.215896412    4.520370033    2.340169959    10             
18       I1         3.908347021    3.59871733     4.297313474    0.8888690782   0.136307493    8.49266892     5.913164483    2.079389505    10             
19       I1         1.82280631     1.965932345    4.510456334    0.941346387    0.3801969768   9.496401716    1.953929267    0.9863965661   10             
20       I1         1.455589026    3.758403617    4.868518716    0.02682032949  0.5056121611   9.435916875    4.196678741    1.296136568    10             
21       I1         3.527552553    1.524873965    3.613410887    0.8644663599   0.5565208168   2.858188311    3.650966391    2.001011056    10             
22       I1         2.467628011    2.856966788    4.230772191    0.6558531331   0.7898699603   6.165109595    4.11180363     2.493968361    10             
23       I1         3.535513741    1.086583974    4.052199615    0.5837991308   0.3475140804   5.071982654    2.39989208     0.3986830698   10             
24       I1         3.272974438    3.669300179    4.360553838    0.5574533339   0.367962828    0.7839750314   5.404613931    2.428877288    10             
25       I1         4.028927922    3.846901192    3.885985635    0.9014394052   0.3128979224   8.449250233    2.015238104    1.694161574    10             
26       I1         3.194585434    3.093167245    4.063307776    0.2887668062   0.8329797208   8.13962312     3.10248983     0.04473927255  10             
27       I1         2.945076724    4.026848521    4.415990643    0.4961993767   0.9466801024   6.903781316    4.153119366    1.072328431    10             
28       I1         4.154834095    2.273966363    4.949651502    0.333323562    0.10346091     2.715362389    2.624755036    0.1480514182   10             
29       I1         3.307213333    2.72964647     4.380787771    0.9485655461   0.8178788364   2.171727156    3.976636367    0.7398747344   10             
30       I1         2.453297932    1.2780785      3.849085841    0.5167904168   0.1289259313   3.661604156    5.81559827     2.302330392    10             
31       I1         2.570024593    3.136609742    3.959565825    0.7000810092   0.3045696348   7.652579117    4.604575241    1.237029339    10             
32       I1         1.487739407    3.174235973    3.94033855     0.128473036    0.2484786123   1.502057478    4.032552349    2.379028174    10             
33       I1         1.922865347    3.948961037    4.581079361    0.3703465277   0.1479898162   6.48335404     3.842025802    0.8332722562   10             
34       I1         1.518788655    1.010297402    3.818967023    0.4583877322   0.6121861275   3.372111183    4.73244235     1.491576353    10             
35       I1         1.62204746     2.176547668    4.193051593    0.08532162429  0.9546232434   7.331916469    2.737515985    1.623398695    10             
36       I1         1.540465155    3.109096827    4.504594779    0.2053694139   0.1081480773   5.385674145    1.91411443     1.742562084    10             
37       I1         4.078989467    3.974566911    3.78889101     0.7262102806   0.5927817656   3.347979457    2.835102862    0.5954491473   10             
38       I1         3.506660635    4.237065746    4.426272251    0.6478459703   0.537096675    1.323055332    5.605366147    2.847197754    10             
39       I1         2.078794567    3.430482987    4.871629654    0.9664733799   0.7618330616   9.391928479    3.213180064    1.853799801    10             
40       I1         1.280097863    3.62557433     4.402770533    0.8487916483   0.7449829453   5.451772094    3.250365594    0.8916820488   10             
41       I1         3.255336604    1.598534853    4.047417947    0.1985720714   0.6802152624   4.217818408    3.791701667    0.005059092713 10             
42       I1         2.73254584     2.91592365     3.723050679    0.4094759667   0.2271843178   4.529884387    2.657254476    2.780243909    10             
43       I1         3.184669178    3.131750265    3.635914016    0.307045893    0.8689908005   4.126543821    1.760460971    0.5462182917   10             
44       I1         3.113441549    4.20973097     3.772429689    0.1603838599   0.9087467498   7.21046598     5.714167053    2.754979213    10             
45       I1         2.251818995    3.075241174    3.907005807    0.3091048798   0.4753711493   9.36699869     5.478121336    2.463665446    10             
46       I1         4.279260926    2.249835332    3.811379213    0.6177638289   0.4273640679   4.45813412     3.866690096    1.810518616    10             
47       I1         3.227291796    3.695303249    4.758476302    0.1752551528   0.3073840553   5.484717207    5.152151866    0.4685879183   10             
48       I1         3.355867037    1.185680255    4.105097614    0.6465402684   0.8537564426   1.683142635    2.49616516     1.922017452    10             
49       I1         4.404363689    4.282982434    4.269759336    0.2366521052   0.2751800928   5.618450393    5.650162769    1.035058946    10             
50       I1         1.217624982    1.512522533    4.739937736    0.07083899011  0.4360470655   5.939641469    2.645719985    0.25877566     10             
51       I1         2.370754577    1.440281823    4.619123045    0.4496035419   0.3509214385   6.61131203     2.514779428    1.526052728    10             
52       I1         2.896221043    2.762214977    3.689700947    0.1339867501   0.9023741      7.427576021    5.18473893     0.7020075113   10             
53       I1         2.863760407    3.441777074    3.668891477    0.4528106755   0.9224487796   2.908796736    3.332290459    1.317227462    10             
54       I1         3.735987406    3.688837636    3.508148012    0.1911231965   0.06784710513  8.264963864    3.279324087    2.322124854    10             
55       I1         2.494801485    3.21121194     4.665197178    0.7827888579   0.6270359666   7.952141837    1.537803844    2.733793839    10             
56       I1         2.093858383    4.075732469    4.07951693     0.6948103972   0.4617170534   7.105306752    1.682645881    2.901711027    10             
57       I1         3.447527947    3.71508299     3.841652917    0.07903790755  0.871363053    4.60317251     4.763315067    2.614904444    10             
58       I1         1.732670986    3.809639847    4.042631231    0.06864317479  0.8469582789   0.3582731703   4.610990882    1.897782895    10             
59       I1         1.799070385    2.313137834    4.565531202    0.01128075689  0.01152641849  2.212150905    2.999891462    0.9111448851   10             
60       I1         4.326883862    3.8442284      4.453330652    0.1241161824   0.3850713039   9.583711601    4.992907678    2.920097012    10             
61       I1         2.886008814    3.479108359    4.30351576     0.7782062663   0.6953665752   9.218734886    3.720806454    2.983044912    10             
62       I1         3.481375649    2.743261766    4.083939245    0.3534372038   0.04468927487  2.631645173    5.907327901    1.303218177    10             
63       I1         1.441465725    4.478846872    3.680934571    0.9575132077   0.8629435835   9.006293536    2.226637103    1.653641993    10             
64       I1         4.270315836    1.981744977    4.087229769    0.4844471541   0.8928641198   6.124559585    5.389096088    0.270269134    10             
65       I1         1.65026736     4.474760059    4.609254842    0.6890713407   0.2176088771   2.571069128    2.578834143    2.812525046    10             
66       I1         1.202695747    4.445347051    4.038351405    0.594645732    0.3027026087   2.389447736    2.482941024    2.875222482    10             
67       I1         3.10896858     3.641117506    3.980459772    0.9105767505   0.6084285145   1.905774743    5.659914828    2.123645344    10             
68       I1         2.672277775    3.537186315    4.408522879    0.1423160262   0.7943040718   3.161734854    5.119082503    2.133772125    10             
69       I1         1.999824421    3.254513066    3.872017079    0.1397966434   0.807958624    3.506294406    5.469052606    1.909603913    10             
70       I1         2.718904229    1.415298496    4.825199887    0.152770079    0.3787398946   5.308717337    1.66338623     1.1473518      10             
71       I1         1.319652014    4.426422329    4.911750047    0.5950280336   0.964709477    0.5941868708   2.966942612    1.708122614    10             
72       I1         3.722355696    2.636496899    4.79224147     0.7390744977   0.941542642    2.28079469     3.130616328    1.631392662    10             
73       I1         4.371708425    2.409807729    3.931671953    0.7968582963   0.220584488    3.465457878    5.721000043    2.275028899    10             
74       I1         3.714275963    1.458111611    3.664875627    0.3027917464   0.9527122088   1.57776624     4.216862961    2.103490634    10             
75       I1         3.279091872    1.676667918    4.970312518    0.588488354    0.4302886432   1.28832285     4.748533382    0.6985175133   10             
76       I1         4.338487117    4.011574326    4.858524663    0.5112211774   0.2819903394   9.082364385    2.2948897      1.730970536    10             
77       I1         4.35910109     4.317959153    4.356626615    0.1060554789   0.4123488404   6.850141074    3.146911938    1.962334482    10             
78       I1         2.492614659    2.591119624    4.768351405    0.9125552918   0.8350015658   4.166339747    3.11542796     0.155087912    10             
79       I1         2.191956993    3.272868401    3.743459489    0.5617577824   0.08285317218  5.436145523    4.950704397    2.447861487    10             
80       I1         4.015668183    2.554057225    4.262113436    0.4342557839   0.7707287291   4.956372551    4.388397846    2.458816046    10             
81       I1         2.247495323    2.956549244    4.661036285    0.5475402506   0.813832477    7.899259404    3.478669227    1.363241007    10             
82       I1         3.966418466    4.08618395     4.93669399     0.3617429562   0.1739787854   7.534625544    1.900812999    0.7966137695   10             
83       I1         1.072386537    2.45323084     4.218159995    0.3297835083   0.4827215116   0.1383557627   4.9169376      2.681929217    10             
84       I1         1.757210096    3.957342796    4.676175399    0.03599679946  0.6720925495   5.044471134    4.474629078    1.057347563    10             
85       I1         1.255410677    2.246380557    4.375696499    0.5353698492   0.2087928288   8.799554718    3.226932053    0.1090151029   10             
86       I1         4.421874554    4.40339074     3.717056883    0.6853682706   0.5312512202   2.089410644    5.375664336    0.1600216106   10             
87       I1         2.816703765    2.361795178    3.590844564    0.9308505921   0.6208331469   7.256774185    1.69985291     2.473719112    10             
88       I1         2.020657695    1.357837068    3.854733149    0.127562032    0.9584592573   3.251303546    3.577514615    2.973675875    10             
89       I1         1.556394392    2.391430581    4.960211141    0.8096779854   0.653742217    6.983470842    3.063546476    2.030220468    10             
90       I1         2.776191368    1.979036938    4.247393474    0.2011009297   0.8435021733   4.715888998    1.617094651    1.027393238    10             
91       I1         2.524688618    2.671076524    4.278421151    0.4895793974   0.07391524674  2.653942694    5.143497276    2.513835711    10             
92       I1         1.618263504    3.412708496    4.629560838    0.8583340564   0.4484366104   9.174741589    5.332028234    1.571044989    10             
93       I1         1.700313241    4.047729107    4.719299654    0.4085227492   0.7289337692   3.614292698    3.175234303    1.336880903    10             
94       I1         3.770028802    1.795286066    4.992183092    0.03765811168  0.2464161253   6.634035164    4.684110638    1.461006211    10             
95       I1         2.662446506    2.160792011    4.833557562    0.3136359659   0.2935083771   5.275197541    4.925759704    2.63306504     10             
96       I1         3.821005874    4.094341045    4.601083691    0.5377850523   0.827400762    2.183137175    3.673426013    0.7605917496   10             
97       I1         1.26864588     4.435918817    4.634652322    0.7660642874   0.1214055083   7.187073331    5.747620302    0.1708686619   10             
98       I1         2.700639598    4.220011254    4.953433392    0.8608480364   0.1505513559   4.727184153    1.582923175    0.3034123706   10             
99       I1         1.63789686     3.997079929    3.791413702    0.0903694521   0.5788924596   5.774861325    1.67575642     1.216890575    10             
100      I1         3.862760596    2.076392035    4.235789382    0.9169635703   0.685109752    1.059934205    3.352474626    1.435323951    10             
101      I1         2.989150899    2.101996811    4.008842915    0.7643935641   0.7841465648   0.6063780837   2.113455682    1.712002352    10             
102      I1         3.631466072    2.61227307     4.281611945    0.8392264346   0.7054546704   6.710055755    2.354003222    0.1265346684   10             
103      I1         1.35765813     2.523942431    4.880159369    0.6817590328   0.633732568    9.767570232    4.312353556    0.6182917958   10             
104      I1         3.229612789    1.060961957    3.596579127    0.2944660222   0.09677803858  3.289680331    3.562023429    0.09652809674  10             
105      I1         2.102026021    3.501492128    4.448286767    0.3908718751   0.5857182627   7.772486148    5.947796878    2.193065111    10             
106      I1         2.363233683    4.166877031    4.137498926    0.3579996258   0.2375262317   5.736727176    5.000954441    0.6273333389   10             
107      I1         2.905874802    2.983731535    4.324802023    0.989453186    0.607010724    8.654259139    5.785940181    1.165720157    10             
108      I1         1.406842052    3.032664127    4.775180653    0.07396129374  0.3931840479   6.409110143    5.247326643    1.721838804    10             
109      I1         3.310498345    1.535204701    4.272725886    0.2099069187   0.7659888071   2.999869278    2.593861231    0.5036395973   10             
110      I1         3.933589564    2.187559379    4.143210819    0.9358103204   0.4473012554   9.548449799    4.648949323    1.682260491    10             
111      I1         3.602386329    3.326396102    4.838226788    0.5279734897   0.6156617733   7.662693208    3.417494791    0.8698789191   10             
112      I1         1.846957603    2.751488006    3.645172422    0.3832702037   0.9310201391   1.957400108    5.820486019    0.2946714694   10             
113      I1         3.677057953    3.049392077    4.519375785    0.3334357705   0.9190928976   3.991173488    5.191539007    1.798035012    10             
114      I1         1.170953733    1.238939123    4.906027345    0.7772854328   0.836560833    2.946877912    4.445850672    1.242224447    10             
115      I1         2.326942602    1.616971711    3.53698483     0.1094647061   0.9267890524   7.751662791    5.962709885    1.587008286    10             
116      I1         3.886396623    1.625438518    3.678082803    0.9197970148   0.9713532722   8.751343945    2.421892063    1.111286656    10             
117      I1         2.91627908     2.32572468     4.683484523    0.06021600091  0.9379771955   7.15887715     5.283709154    2.232423802    10             
118      I1         1.036524918    2.477713992    4.03340084     0.03961106068  0.739563675    0.4383188587   5.048276727    2.021026004    10             
119      I1         3.810809052    3.087079881    4.128173892    0.1350522446   0.8969460614   7.407846489    2.206737413    2.38867114     10             
120      I1         1.368982767    4.117933596    4.68562436     0.7502022129   0.03575032858  2.505893795    4.846820409    2.697099797    10             
121      I1         1.223474689    2.9798408      3.513992575    0.09506460568  0.6674393617   5.133200276    3.044377625    2.64381719     10             
122      I1         1.242056673    1.787009091    4.934792499    0.9711978667   0.7807575394   6.440097854    5.068685212    2.663597072    10             
123      I1         2.995913025    1.942372945    3.554562642    0.768180211    0.3251547208   3.013930012    5.892180884    2.543817294    10             
124      I1         2.643698253    4.459085778    3.804527258    0.1861942359   0.08592714136  4.884283603    5.800193836    1.501996075    10             
125      I1         2.427014119    4.294273276    4.624231967    0.4563962076   0.7065786773   8.569121207    5.079261189    2.20981977     10             
126      I1         2.404478235    2.211209543    3.976192295    0.2345873294   0.5424318474   6.296109337    5.112571019    1.152838573    10             
127      I1         4.481463745    1.86123137     4.889923412    0.5638427568   0.5132588444   3.177402617    4.708410894    1.646402055    10             
128      I1         3.845985729    2.694886425    3.926124137    0.02456168552  0.7113755041   4.019669975    4.076656315    2.242356466    10             
129      I1         4.139530182    2.21837876     4.520355411    0.9063060078   0.3380955784   4.999514334    1.828209244    2.809087969    10             
130      I1         3.509154396    2.295243783    3.528708839    0.8532681676   0.1685791455   9.526076387    4.053238178    1.981851762    10             
131      I1         2.387296134    2.133627287    4.119314366    0.8179985224   0.6889461185   5.682692331    1.868672085    0.245910656    10             
132      I1         3.90051117     1.49306238     4.646074974    0.7218329044   0.2536875913   1.149210547    5.592582359    0.220408035    10             
133      I1         1.295067528    1.892140262    3.605836802    0.8351751549   0.02848347457  9.990094479    4.405105164    0.8881793251   10             
134      I1         2.854009426    3.796236738    3.574449299    0.8496504772   0.01337837752  2.891081887    2.68446131     1.228988248    10             
135      I1         4.173509486    3.74473726     4.63927886     0.2863724592   0.9622850424   3.486612735    3.766093869    1.485889901    10             
136      I1         3.927651373    3.390703566    4.331852453    0.1448942896   0.3148766168   7.310678901    5.861856846    1.869615244    10             
137      I1         3.98780292     4.201477565    3.728471479    0.4033144509   0.5846141512   4.801508251    1.566973466    0.4583150151   10             
138      I1         4.229209418    2.960433363    4.850708376    0.2528676024   0.714725534    5.787673809    1.50291823     0.3297641712   10             
139      I1         3.654990464    1.871563857    4.549024377    0.668142229    0.509737054    1.696533584    2.792435492    2.671064864    10             
140      I1         4.393458713    2.812054812    4.965629526    0.5748104646   0.05394717492  1.857627286    4.430016291    1.871805178    10             
141      I1         3.557241226    3.473301656    3.857231003    0.1681824529   0.5109124987   8.296674237    4.35006374     1.095379226    10             
142      I1         1.027024382    1.47708645     4.014958333    0.6238800601   0.3414620436   3.812652926    2.866490234    0.6543002893   10             
143      I1         4.45862994     2.659574292    3.579251762    0.7246198575   0.4707808031   9.688580275    2.708854727    1.598079942    10             
144      I1         3.08031755     2.003234583    3.69304384     0.4149177055   0.6568343862   6.895136135    2.764231456    2.937794033    10             
145      I1         3.694529378    3.524957599    4.13313467     0.6010773471   0.1250539843   0.8712048423   4.844182886    1.328476117    10             
146      I1         3.142940227    1.487236552    4.984071993    0.4782339761   0.8500911906   2.073431759    4.002796706    0.8799337468   10             
147      I1         4.496540622    2.681774956    4.313651242    0.1569038732   0.5220185425   6.104156355    2.355854873    2.890233498    10             
148      I1         2.139756979    2.607235829    3.629091159    0.05814758281  0.6994658029   3.558779445    2.462944938    2.959670102    10             
149      I1         1.947771165    2.065944086    3.731005974    0.09380691351  0.1597277525   6.688892982    4.824918021    0.8262394375   10             
150      I1         1.98945221     3.726874682    4.588538233    0.05397155562  0.2666295428   1.544169539    4.039578543    1.550609428    10             
151      I1         2.004452966    1.149968158    3.781302474    0.179527658    0.459415704    5.877084206    2.826731813    1.18745293     10             
152      I1         1.529247012    1.070751803    3.561492696    0.4984778558   0.8223547415   4.675868525    2.002458254    0.42181485     10             
153      I1         2.267110759    1.643623832    4.111068327    0.5249688643   0.7282635288   9.807148281    1.847751304    2.742672698    10             
154      I1         2.043177593    3.732207481    4.998039006    0.2749906241   0.2025505396   1.20806615     4.511964668    1.255059318    10             
155      I1         3.428334359    1.811909487    4.028535478    0.4360845678   0.8820383405   6.266903658    3.693990554    1.54692594     10             
156      I1         2.739298011    4.366779266    3.862530359    0.8055794563   0.03002443055  7.03016898     5.52088945     0.7579311184   10             
157      I1         2.752632439    2.264329873    4.844439618    0.9378834073   0.02603853883  1.393663158    4.784277666    0.8039866818   10             
158      I1         1.863040659    2.542588607    4.065139219    0.9315443773   0.9684807231   2.271706462    3.713342104    1.531563827    10             
159      I1         3.623835196    4.274629885    3.880135308    0.7909367982   0.06335144982  4.247479126    4.246766343    2.353304689    10             
160      I1         1.022051805    1.256919938    4.704250596    0.1822568941   0.3355639597   3.302655049    2.382931918    0.7152595511   10             
161      I1         3.32281993     2.33526454     3.830982122    0.8202279181   0.1177522271   0.5511667692   2.070825875    1.937800442    10             
162      I1         1.185776945    4.151087364    3.988401344    0.2482968935   0.2999623596   1.040583558    5.232421194    2.609415217    10             
163      I1         2.285085474    4.308952292    4.210760386    0.3374150785   0.279182846    6.763594913    1.547674479    1.018043429    10             
164      I1         1.565129187    4.384933266    3.652058014    0.4156345467   0.3741075441   0.9747690129   2.137824677    1.392706153    10             
165      I1         1.474162212    3.060623957    4.070673926    0.6350235686   0.6425564559   0.6281363281   1.832888245    2.598068224    10             
166      I1         3.485971084    1.832060311    4.90382365     0.9033250825   0.3221937678   1.941395209    2.537072661    2.650226115    10             
167      I1         1.743148947    3.825544464    4.653403629    0.282446083    0.7329755853   1.989780196    2.401005741    1.919275367    10             
168      I1         2.346050539    3.3995862      4.243564122    0.6318941159   0.949165208    0.3973248431   4.540841562    0.4789876932   10             
169      I1         4.111697716    1.10693506     3.938568019    0.4631838113   0.1013074441   6.01519677     3.459651371    1.12458415     10             
170      I1         3.829351931    2.122915814    4.929672909    0.4686115266   0.5031211313   3.105402687    3.088523885    2.861107974    10             
171      I1         1.897109378    3.334547885    4.120116877    0.5540566055   0.5185026592   7.585434032    5.262979228    0.369665564    10             
172      I1         2.964286786    2.413870024    3.967477215    0.8847277457   0.5671904152   5.955674479    3.802855093    2.703572792    10             
173      I1         4.097874542    1.373012633    3.62460696     0.2228202545   0.2877460165   8.334224322    4.88116534     0.1132925225   10             
174      I1         1.767921921    1.910118863    3.94820331     0.6022610977   0.2602711335   8.24717916     4.496785484    0.01217128017  10             
175      I1         2.16565469     3.786273795    4.724465045    0.9795582233   0.2098740821   1.010521473    4.302500748    0.2840585365   10             
176      I1         1.010845521    4.250304908    3.950019121    0.6297198519   0.7516442785   9.199591692    3.42605922     0.2082641887   10             
177      I1         2.649783694    2.052609485    4.168677946    0.1134234945   0.15576903     8.703049179    3.537516944    1.836636075    10             
178      I1         4.232557125    4.372102771    3.971744774    0.2729217598   0.4931008605   3.745943433    3.317220625    1.840322329    10             
179      I1         3.372137589    4.042641055    3.766092763    0.8944457742   0.2340491312   7.283779674    5.503159953    0.07249794206  10             
180      I1         1.347751702    2.580435285    4.860737851    0.100521532    0.5760678983   7.027733153    2.607174775    0.7740339214   10             
181      I1         3.060926604    1.664483942    4.656688424    0.5146411477   0.2448017307   2.34359497     5.680469787    2.288872778    10             
182      I1         1.111207576    3.652626466    4.53924672     0.507708016    0.1849948652   1.231381987    5.635243376    0.1863946817   10             
183      I1         4.213536252    2.428808671    4.557856555    0.03232881701  0.4874712745   5.814931171    2.855209459    0.9313382408   10             
184      I1         3.40433927     1.216760503    4.919765623    0.4223373309   0.3997498947   6.315550258    1.742240301    2.174535434    10             
185      I1         3.87662093     1.758278689    3.89962961     0.01761344909  0.2317561964   9.33223508     5.743243328    2.141468457    10             
186      I1         2.178620483    3.979671272    3.960204839    0.7047729654   0.1628758786   3.090635965    2.626883419    1.08164751     10             
187      I1         2.053018389    4.418326499    3.836470672    0.6702249147   0.9142553178   0.9222992184   4.334676722    1.826155283    10             
188      I1         3.456017976    4.488804648    4.395200035    0.2506824008   0.6796230876   8.62880349     4.103451011    0.2101624065   10             
189      I1         2.312378978    3.573706224    3.547597908    0.1033801179   0.5735897937   9.053510048    5.538267229    0.9032487203   10             
190      I1         1.972759027    2.283806455    4.876129323    0.7994510876   0.9325752491   9.442576294    3.384824075    1.771597677    10             
191      I1         3.588108428    2.801482724    4.466576706    0.4439054183   0.8604976298   0.3257977483   2.322790036    1.26336092     10             
192      I1         3.156611444    1.300728597    4.696387178    0.676848485    0.2576233267   3.876418288    2.164128346    0.2619529614   10             
193      I1         2.549328745    1.924241645    4.803329782    0.6064637601   0.3632845532   2.456995337    3.630755652    0.6780633394   10             
194      I1         4.436827096    1.876081954    4.749826419    0.04631572826  0.06917312631  0.803349096    5.364818061    1.102627846    10             
195      I1         3.132454766    1.69680791     4.613278452    0.4393065005   0.5642428646   3.940408519    1.780331469    0.637250079    10             
196      I1         1.662559596    3.29073733     4.287288904    0.8661838949   0.5233939486   8.584118857    2.328993377    0.6029548605   10             
197      I1         1.451776329    1.045653319    4.204704216    0.9243459712   0.6635464248   0.6846961195   3.973540063    1.343975291    10             
198      I1         4.311925999    2.115975194    4.059570044    0.5763089343   0.9883526835   2.837997409    2.302548831    2.216826403    10             
199      I1         2.47219121     3.150288492    4.498427653    0.9698528934   0.1790726062   5.318249909    4.082003247    0.8514384187   10             
200      I1         2.172866915    3.897384818    3.568370574    0.2212320219   0.8581902132   2.418285222    4.171200426    2.436065393    10             
201      I1         3.98176549     2.229278907    3.879697913    0.2089163743   0.3909964414   4.365068302    3.268998632    0.3373427054   10             
202      I1         3.210109622    3.608651252    4.354930306    0.5665403297   0.8994223175   0.5155318816   2.452374947    0.8113180241   10             
203      I1         3.70606967     3.27727616     4.955519155    0.2257529178   0.5982216018   7.789316642    2.564374013    2.831380021    10             
204      I1         4.192509794    1.5685339      3.920320274    0.5227558373   0.6290082472   4.058018758    5.689090775    2.251873656    10             
205      I1         4.163086147    2.870229406    4.734102797    0.2605007178   0.6908226698   9.893005244    4.868591802    1.993753293    10             
206      I1         1.091308422    3.195620954    4.726614607    0.2398713653   0.8255057529   7.064042437    5.299916979    0.5350828349   10             
207      I1         2.794185572    2.482466686    4.760692807    0.1717771929   0.3434151444   6.216627951    4.66716185     1.609373634    10             
208      I1         2.711666021    1.840811179    4.595898833    0.3991976672   0.1985287257   2.025216672    1.71652321     2.090616315    10             
209      I1         2.029221084    1.424674845    4.895590538    0.7740396554   0.1376139005   6.352420219    5.559359306    2.567535071    10             
210      I1         1.770287889    1.333712251    3.700436094    0.3205776368   0.4067010932   5.162715657    1.967081045    0.9507995359   10             
211      I1         1.573175337    1.284358905    4.552598493    0.0138220575   0.1952555708   3.91128993     1.991011942    2.315740719    10             
212      I1         3.335617608    1.582951708    4.712640556    0.7860742005   0.1890601572   1.593846828    3.057735301    1.670812587    10             
213      I1         1.882654729    3.364974735    4.79764427     0.2674938073   0.4780046208   1.276621057    3.404267767    2.041426139    10             
214      I1         2.069117721    1.700192979    4.189859384    0.3947952275   0.07719894133  6.766951214    2.905515093    2.968189388    10             
215      I1         4.121041249    1.950531088    4.813945162    0.3438077843   0.5544699285   8.960502068    5.21746046     0.5822012304   10             
216      I1         1.838949507    3.161379807    4.103164617    0.6421091236   0.1201212604   5.524604038    3.204377504    0.4020289255   10             
217      I1         1.962502599    1.825516674    4.305896388    0.7599331456   0.8887746462   1.373626406    4.466634001    2.770988668    10             
218      I1         1.678660666    3.48730154     3.751223135    0.6520493137   0.5953864639   7.375963574    3.541959506    0.7435927634   10             
219      I1         1.863939505    1.348351526    3.756404799    0.2689075142   0.2156810159   4.447244152    2.271185874    2.395915723    10             
220      I1         4.245260657    2.930519282    4.941455263    0.3857637516   0.6961344583   2.777260348    4.232727281    2.62411397     10             
221      I1         3.592944863    4.177176793    3.640499372    0.3961759723   0.805928482    1.447753494    2.698976337    1.756551853    10             
222      I1         4.053623682    3.184312633    4.155020637    0.1205591682   0.5475262182   0.241138325    3.590721666    1.805775029    10             
223      I1         4.31758572     1.587481599    4.46315077     0.6646589952   0.1659209448   2.596206367    2.088089969    2.718524897    10             
224      I1         3.799935598    1.765280666    4.780744053    0.07736213041  0.1446908839   8.415995466    5.316739113    1.886579956    10             
225      I1         1.431254222    3.307551661    3.869249226    0.8314936832   0.3331156004   7.868435783    3.437477418    2.571621558    10             
226      I1         2.21143608     3.821240842    4.207326122    0.7102397642   0.5517586627   0.1095228706   2.237757076    0.4947618117   10             
227      I1         3.466955446    2.571883403    4.442445636    0.8700867974   0.356885533    7.465637508    3.89851397     2.587298398    10             
228      I1         1.395592457    1.02200539     4.290803523    0.5006140939   0.3617422335   9.273599008    5.840795214    2.828569128    10             
229      I1         2.684102193    4.06462439     4.591197194    0.1156888522   0.7594634673   4.630881637    4.577887398    0.05117857487  10             
230      I1         1.139490283    1.38978286     4.52658787     0.1646286199   0.2417438303   6.175578454    4.278164568    1.049027438    10             
231      I1         2.955912372    4.14974999     3.82420574     0.1586357021   0.4105007558   3.411606954    2.128349933    0.5210925952   10             
232      I1         2.583235334    2.906909704    3.763401858    0.6251937004   0.1065470813   4.504271809    3.31076174     2.790775506    10             
233      I1         2.128277614    3.673162708    3.901736743    0.465210757    0.622309483    1.63161365     4.903760588    0.6449255038   10             
234      I1         4.47396246     3.865400532    3.630724622    0.4751500174   0.812421547    6.827758737    4.00895077     0.1371337249   10             
235      I1         3.418157945    3.622638389    4.021335936    0.3419970723   0.9848527638   9.849586199    3.361413801    0.9652715088   10             
236      I1         2.632491555    3.773300595    4.22092029     0.8802523054   0.979447786    6.399624598    5.039104937    1.132171403    10             
237      I1         4.00274477     2.938066327    4.34905553     0.7362907138   0.3533398499   8.893932136    3.292661406    1.667144104    10             
238      I1         2.114837767    3.929509817    3.521473891    0.2421199327   0.2956648772   7.978424054    2.148299056    1.9455307      10             
239      I1         3.090950393    4.135454561    3.736253997    0.3768789556   0.6483402606   0.275446016    3.916631677    0.3783589419   10             
240      I1         2.972315763    1.405761139    4.22693424     0.876164382    0.7373991272   5.220264853    5.93164368     0.5141898021   10             
241      I1         3.019405535    4.334315191    4.691908797    0.2294786622   0.2851235629   2.534502614    1.525658335    2.50089213     10             
242      I1         1.414824635    1.712426371    3.825885202    0.9805095429   0.06031807634  9.035347113    3.937909869    0.8462298488   10             
243      I1         4.256779974    1.187276289    4.439258158    0.5699990112   0.8014879318   8.08061807     3.522559761    1.38156577     10             
244      I1         2.414576763    4.264082335    4.823310104    0.9569122946   0.757544596    6.59679333     5.762548233    0.9739091175   10             
245      I1         1.907806545    1.127536299    4.394082176    0.2626567102   0.7761797963   8.158161341    5.268100313    2.489029106    10             
246      I1         4.088099904    3.246553563    4.479037366    0.1869733362   0.5280954635   9.935364316    2.782945478    0.9207430378   10             
247      I1         4.362068544    1.095650609    4.182054792    0.8261550649   0.603556501    8.435700196    4.717781611    2.416805911    10             
248      I1         1.591846373    2.498726155    4.097722728    0.5316747404   0.02016356509  4.310346469    4.973799987    1.424264058    10             
249      I1         1.918496439    1.22644133     4.319924556    0.8162194583   0.9077946181   5.870925088    4.159571122    2.297328917    10             
250      I1         1.604714675    3.54420108     4.532068558    0.8873828238   0.2682707875   3.042521913    2.434377225    2.882864521    10             
251      I1         1.720941323    2.035557411    4.772412337    0.7156196559   0.4967438265   4.563016676    2.887857835    0.9910281888   10             
252      I1         3.051059559    2.785690662    4.788927283    0.2810816412   0.8759965862   4.78116836     5.166702172    1.454300066    10             
253      I1         3.396644083    2.781093617    4.459031247    0.4727462276   0.6360603293   7.623043751    3.737406146    2.535754048    10             
254      I1         4.207271377    3.420033625    4.489426441    0.9752273023   0.6746964876   7.717283805    3.83017704     1.176664089    10             
255      I1         4.135181133    2.715196538    3.747536637    0.5394486182   0.6438213597   1.113506027    3.026092526    1.612403454    10             
256      I1         3.159802854    2.347250544    3.806135625    0.7558619954   0.182428131    2.118319626    3.494407373    2.156892577    10             
257      I1         3.574963019    2.149963308    4.847843384    0.4191608878   0.3700228634   1.845591962    5.981809018    1.196836077    10             
258      I1         2.145410618    2.003609876    3.533485608    0.9614109575   0.05124040972  0.701920532    2.065021141    1.568887545    10             
259      I1         2.222302829    1.741044483    4.923080038    0.05106478175  0.8857831008   9.929435802    2.819335686    0.722789629    10             
260      I1         3.297144507    3.31933        4.493175617    0.4313628953   0.320086903    8.095700615    3.158409883    0.08861374577  10             
261      I1         1.512526183    1.549688573    3.515108736    0.7479293057   0.07942275114  8.370357904    1.812210054    2.916857372    10             
262      I1         2.598021016    3.887546703    3.50148044     0.1493129      0.6631821369   4.124835472    2.747624232    0.577996286    10             
263      I1         2.877696005    1.3831201      3.557321009    0.06244660579  0.8745567966   6.043796498    4.205841209    1.474944107    10             
264      I1         3.034124932    1.247591497    4.018088633    0.9534866534   0.9830281785   1.458145766    2.974448342    0.4471354503   10             
265      I1         3.751985239    1.640126189    3.670207533    0.4476728921   0.1311815475   6.001678038    3.00252421     0.03246602149  10             
266      I1         2.929413768    3.921560878    4.817131835    0.3476104215   0.191096213    6.52304944     2.260038748    0.0299123315   10             
267      I1         2.563058433    1.726997484    4.254639916    0.7351553244   0.3294683232   2.681876318    1.882106942    1.407319214    10             
268      I1         1.498370292    3.02968424     4.673708299    0.04404286758  0.6396143959   6.953071345    2.202652511    1.283319143    10             
269      I1         1.123614688    2.627877606    4.572368501    0.8012678524   0.8833437898   8.861973182    3.949425044    2.408131917    10             
270      I1         3.782377971    2.085091022    4.365308257    0.9844407052   0.7502055389   4.846555464    4.938599138    2.948163232    10             
271      I1         1.267881912    2.651428591    4.508984196    0.3203010297   0.3871736439   5.567548951    3.875828651    2.526875163    10             
272      I1         1.151252669    2.712332693    4.195461208    0.02088740981  0.05784624219  8.818446818    1.788622528    1.357269241    10             
273      I1         3.550118885    1.16146548     4.171686007    0.6923296241   0.465508111    4.063302564    4.138377711    0.1957440408   10             
274      I1         1.814705492    4.005183666    4.75410312     0.7522225039   0.04071712417  0.8342739093   5.34965202     2.019138801    10             
275      I1         1.058797194    1.323602364    4.424680728    0.5852573008   0.1413102393   1.779648702    4.266167299    1.787944327    10             
276      I1         3.847508532    3.878207399    3.711581441    0.8130420474   0.5694610568   9.773474863    2.182854727    2.555939973    10             
277      I1         2.439049911    1.206285234    3.911383996    0.2934147745   0.9372722994   2.35856479     5.997130078    2.220567055    10             
278      I1         3.944845906    1.452602841    4.153210517    0.3513967573   0.09428000369  7.822289279    1.621920877    2.16533961     10             
279      I1         2.836846552    3.236438348    4.893438814    0.78766895     0.842247825    8.538878684    5.448446878    0.6865103848   10             
280      I1         1.330151543    2.367478498    4.412908551    0.6396962211   0.7934731076   3.585673627    3.19051677     1.201023504    10             
281      I1         1.195403911    3.581979402    4.146921329    0.6090147236   0.2644768829   1.813236371    3.602725835    2.063558524    10             
282      I1         2.229470728    4.185943691    4.338268771    0.5440634302   0.3985872561   3.665753972    3.628149756    0.4867087369   10             
283      I1         1.94288075     2.507865781    3.586580249    0.7065912886   0.5895334026   4.934930773    3.498440506    0.06456505267  10             
284      I1         2.536913031    1.031414927    3.657549695    0.6160442773   0.4965381045   0.7424392947   1.643375789    0.5618529663   10             
285      I1         1.792160435    3.45297625     4.257690755    0.8742615238   0.5329572475   8.194513123    4.806666646    0.5593391395   10             
286      I1         3.009310042    2.022049167    3.601796457    0.6112363957   0.5429176497   1.740474131    4.572013364    2.334039422    10             
287      I1         3.66023941     4.113436453    3.584733611    0.8399888113   0.2239289244   0.3695975357   4.787034077    0.3576381975   10             
288      I1         1.382781146    3.910024818    4.988116002    0.4929807404   0.4852475744   8.050056009    2.526287745    2.365912251    10             
289      I1         2.388497129    3.350075944    4.644001528    0.1946010934   0.4526974088   9.65776003     2.03633714     2.189302626    10             
290      I1         2.300104837    2.049073171    4.343583492    0.9462985109   0.7228376675   2.770534601    5.021208465    2.053712897    10             
291      I1         1.304575184    4.354103081    4.001078749    0.9264071911   0.7991067335   9.719304767    1.948240709    2.268371791    10             
292      I1         4.057013859    1.130793072    4.707193604    0.5496203686   0.01958054421  4.410688445    5.086807505    0.3473174537   10             
293      I1         3.06576192     1.546621916    4.541078206    0.7134540686   0.7468992355   8.716605469    3.686402212    0.3154873159   10             
294      I1         2.617397301    1.900396817    4.741142893    0.8970061838   0.4435392042   5.371052394    2.940161838    2.858967395    10             
295      I1         2.825777012    2.194411161    4.164323104    0.8287151901   0.4161493205   6.548255037    5.578770357    1.378699401    10             
296      I1         1.671962313    3.514842864    4.470651024    0.6968460319   0.7171644045   9.604909417    4.553267359    2.761166646    10             
297      I1         4.410051105    2.381081923    4.977206201    0.6742736568   0.4242836668   3.783799195    2.71580978     0.6696602998   10             
298      I1         2.271740133    2.836835719    3.618422724    0.3140481537   0.4200881004   0.2008739061   2.929316904    1.413254429    10             
299      I1         1.157055807    1.049924856    3.696139804    0.2175845276   0.7724180491   9.301918015    4.633162498    0.7826805766   10             
300      I1         1.099956792    2.539070813    4.373791143    0.6578579263   0.7855111937   7.516776562    2.918157446    2.083112658    10             
301      I1         2.75           2.75           4.25           0.5            0.5            5.05           3.75           1.5            10             
302      I1         2.75           2.75           4.25           0.5            0.5            5.05           3.75           1.5            10             
%eval_id interface log__t_recession_soil log__t_recession_intermediate log__t_recession_deep f_exfiltration_soil f_exfiltration_intermediate PDD_melt_factor recession_b_soil log__fdd_threshold neg_kge        
303      I1         2.506172757    3.001925911    4.56279257     0.08187029442  0.1117894441   0.9572361427   3.81835422     1.974810004    10             
304      I1         2.856172757    3.001925911    4.56279257     0.08187029442  0.1117894441   0.9572361427   3.81835422     1.974810004    10             
305      I1         2.506172757    3.351925911    4.56279257     0.08187029442  0.1117894441   0.9572361427   3.81835422     1.974810004    10             
306      I1         2.506172757    3.001925911    4.71279257     0.08187029442  0.1117894441   0.9572361427   3.81835422     1.974810004    10             
307      I1         2.506172757    3.001925911    4.56279257     0.1798702944   0.1117894441   0.9572361427   3.81835422     1.974810004    10             
308      I1         2.506172757    3.001925911    4.56279257     0.08187029442  0.2097894441   0.9572361427   3.81835422     1.974810004    10             
309      I1         2.506172757    3.001925911    4.56279257     0.08187029442  0.1117894441   1.947236143    3.81835422     1.974810004    10             
310      I1         2.506172757    3.001925911    4.56279257     0.08187029442  0.1117894441   0.9572361427   4.26835422     1.974810004    10             
311      I1         2.506172757    3.001925911    4.56279257     0.08187029442  0.1117894441   0.9572361427   3.81835422     2.274810004    10             
312      I1         2.156172757    3.001925911    4.56279257     0.08187029442  0.1117894441   0.9572361427   3.81835422     1.974810004    10             
313      I1         2.506172757    2.651925911    4.56279257     0.08187029442  0.1117894441   0.9572361427   3.81835422     1.974810004    10             
314      I1         2.506172757    3.001925911    4.41279257     0.08187029442  0.1117894441   0.9572361427   3.81835422     1.974810004    10             
315      I1         2.506172757    3.001925911    4.56279257     0.08187029442  0.0137894441   0.9572361427   3.81835422     1.974810004    10             
316      I1         2.506172757    3.001925911    4.56279257     0.08187029442  0.1117894441   0.9572361427   3.36835422     1.974810004    10             
317      I1         2.506172757    3.001925911    4.56279257     0.08187029442  0.1117894441   0.9572361427   3.81835422     1.674810004    10             
318      I1         2.681172757    3.001925911    4.56279257     0.08187029442  0.1117894441   0.9572361427   3.81835422     1.974810004    10             
319      I1         2.506172757    3.176925911    4.56279257     0.08187029442  0.1117894441   0.9572361427   3.81835422     1.974810004    10             
320      I1         2.506172757    3.001925911    4.63779257     0.08187029442  0.1117894441   0.9572361427   3.81835422     1.974810004    10             
321      I1         2.506172757    3.001925911    4.56279257     0.1308702944   0.1117894441   0.9572361427   3.81835422     1.974810004    10             
322      I1         2.506172757    3.001925911    4.56279257     0.08187029442  0.1607894441   0.9572361427   3.81835422     1.974810004    10             
323      I1         2.506172757    3.001925911    4.56279257     0.08187029442  0.1117894441   1.452236143    3.81835422     1.974810004    10             
324      I1         2.506172757    3.001925911    4.56279257     0.08187029442  0.1117894441   0.9572361427   4.04335422     1.974810004    10             
325      I1         2.506172757    3.001925911    4.56279257     0.08187029442  0.1117894441   0.9572361427   3.81835422     2.124810004    10             
326      I1         2.331172757    3.001925911    4.56279257     0.08187029442  0.1117894441   0.9572361427   3.81835422     1.974810004    10             
327      I1         2.506172757    2.826925911    4.56279257     0.08187029442  0.1117894441   0.9572361427   3.81835422     1.974810004    10             
328      I1         2.506172757    3.001925911    4.48779257     0.08187029442  0.1117894441   0.9572361427   3.81835422     1.974810004    10             
329      I1         2.506172757    3.001925911    4.56279257     0.03287029442  0.1117894441   0.9572361427   3.81835422     1.974810004    10             
330      I1         2.506172757    3.001925911    4.56279257     0.08187029442  0.0627894441   0.9572361427   3.81835422     1.974810004    10             
331      I1         2.506172757    3.001925911    4.56279257     0.08187029442  0.1117894441   0.4622361427   3.81835422     1.974810004    10             
332      I1         2.506172757    3.001925911    4.56279257     0.08187029442  0.1117894441   0.9572361427   3.59335422     1.974810004    10             
333      I1         2.506172757    3.001925911    4.56279257     0.08187029442  0.1117894441   0.9572361427   3.81835422     1.824810004    10             
334      I1         2.593672757    3.001925911    4.56279257     0.08187029442  0.1117894441   0.9572361427   3.81835422     1.974810004    10             
335      I1         2.506172757    3.089425911    4.56279257     0.08187029442  0.1117894441   0.9572361427   3.81835422     1.974810004    10             
336      I1         2.506172757    3.001925911    4.60029257     0.08187029442  0.1117894441   0.9572361427   3.81835422     1.974810004    10             
337      I1         2.506172757    3.001925911    4.56279257     0.1063702944   0.1117894441   0.9572361427   3.81835422     1.974810004    10             
338      I1         2.506172757    3.001925911    4.56279257     0.08187029442  0.1362894441   0.9572361427   3.81835422     1.974810004    10             
339      I1         2.506172757    3.001925911    4.56279257     0.08187029442  0.1117894441   1.204736143    3.81835422     1.974810004    10             
340      I1         2.506172757    3.001925911    4.56279257     0.08187029442  0.1117894441   0.9572361427   3.93085422     1.974810004    10             
341      I1         2.506172757    3.001925911    4.56279257     0.08187029442  0.1117894441   0.9572361427   3.81835422     2.049810004    10             
342      I1         2.418672757    3.001925911    4.56279257     0.08187029442  0.1117894441   0.9572361427   3.81835422     1.974810004    10             
343      I1         2.506172757    2.914425911    4.56279257     0.08187029442  0.1117894441   0.9572361427   3.81835422     1.974810004    10             
344      I1         2.506172757    3.001925911    4.52529257     0.08187029442  0.1117894441   0.9572361427   3.81835422     1.974810004    10             
345      I1         2.506172757    3.001925911    4.56279257     0.05737029442  0.1117894441   0.9572361427   3.81835422     1.974810004    10             
346      I1         2.506172757    3.001925911    4.56279257     0.08187029442  0.0872894441   0.9572361427   3.81835422     1.974810004    10             
347      I1         2.506172757    3.001925911    4.56279257     0.08187029442  0.1117894441   0.7097361427   3.81835422     1.974810004    10             
348      I1         2.506172757    3.001925911    4.56279257     0.08187029442  0.1117894441   0.9572361427   3.70585422     1.974810004    10             
349      I1         2.506172757    3.001925911    4.56279257     0.08187029442  0.1117894441   0.9572361427   3.81835422     1.899810004    10             
350      I1         2.549922757    3.001925911    4.56279257     0.08187029442  0.1117894441   0.9572361427   3.81835422     1.974810004    10             
351      I1         2.506172757    3.045675911    4.56279257     0.08187029442  0.1117894441   0.9572361427   3.81835422     1.974810004    10             
352      I1         2.506172757    3.001925911    4.58154257     0.08187029442  0.1117894441   0.9572361427   3.81835422     1.974810004    10             
353      I1         2.506172757    3.001925911    4.56279257     0.09412029442  0.1117894441   0.9572361427   3.81835422     1.974810004    10             
354      I1         2.506172757    3.001925911    4.56279257     0.08187029442  0.1240394441   0.9572361427   3.81835422     1.974810004    10             
355      I1         2.506172757    3.001925911    4.56279257     0.08187029442  0.1117894441   1.080986143    3.81835422     1.974810004    10             
356      I1         2.506172757    3.001925911    4.56279257     0.08187029442  0.1117894441   0.9572361427   3.87460422     1.974810004    10             
357      I1         2.506172757    3.001925911    4.56279257     0.08187029442  0.1117894441   0.9572361427   3.81835422     2.012310004    10             
358      I1         2.462422757    3.001925911    4.56279257     0.08187029442  0.1117894441   0.9572361427   3.81835422     1.974810004    10             
359      I1         2.506172757    2.958175911    4.56279257     0.08187029442  0.1117894441   0.9572361427   3.81835422     1.974810004    10             
360      I1         2.506172757    3.001925911    4.54404257     0.08187029442  0.1117894441   0.9572361427   3.81835422     1.974810004    10             
361      I1         2.506172757    3.001925911    4.56279257     0.06962029442  0.1117894441   0.9572361427   3.81835422     1.974810004    10             
362      I1         2.506172757    3.001925911    4.56279257     0.08187029442  0.0995394441   0.9572361427   3.81835422     1.974810004    10             
363      I1         2.506172757    3.001925911    4.56279257     0.08187029442  0.1117894441   0.8334861427   3.81835422     1.974810004    10             
364      I1         2.506172757    3.001925911    4.56279257     0.08187029442  0.1117894441   0.9572361427   3.76210422     1.974810004    10             
365      I1         2.506172757    3.001925911    4.56279257     0.08187029442  0.1117894441   0.9572361427   3.81835422     1.937310004    10             
366      I1         2.528047757    3.001925911    4.56279257     0.08187029442  0.1117894441   0.9572361427   3.81835422     1.974810004    10             
367      I1         2.506172757    3.023800911    4.56279257     0.08187029442  0.1117894441   0.9572361427   3.81835422     1.974810004    10             
368      I1         2.506172757    3.001925911    4.57216757     0.08187029442  0.1117894441   0.9572361427   3.81835422     1.974810004    10             
369      I1         2.506172757    3.001925911    4.56279257     0.08799529442  0.1117894441   0.9572361427   3.81835422     1.974810004    10             
370      I1         2.506172757    3.001925911    4.56279257     0.08187029442  0.1179144441   0.9572361427   3.81835422     1.974810004    10             
371      I1         2.506172757    3.001925911    4.56279257     0.08187029442  0.1117894441   1.019111143    3.81835422     1.974810004    10             
372      I1         2.506172757    3.001925911    4.56279257     0.08187029442  0.1117894441   0.9572361427   3.84647922     1.974810004    10             
373      I1         2.506172757    3.001925911    4.56279257     0.08187029442  0.1117894441   0.9572361427   3.81835422     1.993560004    10             
374      I1         2.484297757    3.001925911    4.56279257     0.08187029442  0.1117894441   0.9572361427   3.81835422     1.974810004    10             
375      I1         2.506172757    2.980050911    4.56279257     0.08187029442  0.1117894441   0.9572361427   3.81835422     1.974810004    10             
376      I1         2.506172757    3.001925911    4.55341757     0.08187029442  0.1117894441   0.9572361427   3.81835422     1.974810004    10             
377      I1         2.506172757    3.001925911    4.56279257     0.07574529442  0.1117894441   0.9572361427   3.81835422     1.974810004    10             
378      I1         2.506172757    3.001925911    4.56279257     0.08187029442  0.1056644441   0.9572361427   3.81835422     1.974810004    10             
379      I1         2.506172757    3.001925911    4.56279257     0.08187029442  0.1117894441   0.8953611427   3.81835422     1.974810004    10             
380      I1         2.506172757    3.001925911    4.56279257     0.08187029442  0.1117894441   0.9572361427   3.79022922     1.974810004    10             
381      I1         2.506172757    3.001925911    4.56279257     0.08187029442  0.1117894441   0.9572361427   3.81835422     1.956060004    10             
382      I1         2.517110257    3.001925911    4.56279257     0.08187029442  0.1117894441   0.9572361427   3.81835422     1.974810004    10             
383      I1         2.506172757    3.012863411    4.56279257     0.08187029442  0.1117894441   0.9572361427   3.81835422     1.974810004    10             
384      I1         2.506172757    3.001925911    4.56748007     0.08187029442  0.1117894441   0.9572361427   3.81835422     1.974810004    10             
385      I1         2.506172757    3.001925911    4.56279257     0.08493279442  0.1117894441   0.9572361427   3.81835422     1.974810004    10             
386      I1         2.506172757    3.001925911    4.56279257     0.08187029442  0.1148519441   0.9572361427   3.81835422     1.974810004    10             
387      I1         2.506172757    3.001925911    4.56279257     0.08187029442  0.1117894441   0.9881736427   3.81835422     1.974810004    10             
388      I1         2.506172757    3.001925911    4.56279257     0.08187029442  0.1117894441   0.9572361427   3.83241672     1.974810004    10             
389      I1         2.506172757    3.001925911    4.56279257     0.08187029442  0.1117894441   0.9572361427   3.81835422     1.984185004    10             
390      I1         2.495235257    3.001925911    4.56279257     0.08187029442  0.1117894441   0.9572361427   3.81835422     1.974810004    10             
391      I1         2.506172757    2.990988411    4.56279257     0.08187029442  0.1117894441   0.9572361427   3.81835422     1.974810004    10             
392      I1         2.506172757    3.001925911    4.55810507     0.08187029442  0.1117894441   0.9572361427   3.81835422     1.974810004    10             
393      I1         2.506172757    3.001925911    4.56279257     0.07880779442  0.1117894441   0.9572361427   3.81835422     1.974810004    10             
394      I1         2.506172757    3.001925911    4.56279257     0.08187029442  0.1087269441   0.9572361427   3.81835422     1.974810004    10             
395      I1         2.506172757    3.001925911    4.56279257     0.08187029442  0.1117894441   0.9262986427   3.81835422     1.974810004    10             
396      I1         2.506172757    3.001925911    4.56279257     0.08187029442  0.1117894441   0.9572361427   3.80429172     1.974810004    10             
397      I1         2.506172757    3.001925911    4.56279257     0.08187029442  0.1117894441   0.9572361427   3.81835422     1.965435004    10             
398      I1         2.511641507    3.001925911    4.56279257     0.08187029442  0.1117894441   0.9572361427   3.81835422     1.974810004    10             
399      I1         2.506172757    3.007394661    4.56279257     0.08187029442  0.1117894441   0.9572361427   3.81835422     1.974810004    10             
400      I1         2.506172757    3.001925911    4.56513632     0.08187029442  0.1117894441   0.9572361427   3.81835422     1.974810004    10             
401      I1         2.506172757    3.001925911    4.56279257     0.08340154442  0.1117894441   0.9572361427   3.81835422     1.974810004    10             
402      I1         2.506172757    3.001925911    4.56279257     0.08187029442  0.1133206941   0.9572361427   3.81835422     1.974810004    10             
403      I1         2.506172757    3.001925911    4.56279257     0.08187029442  0.1117894441   0.9727048927   3.81835422     1.974810004    10             
404      I1         2.506172757    3.001925911    4.56279257     0.08187029442  0.1117894441   0.9572361427   3.82538547     1.974810004    10             
405      I1         2.506172757    3.001925911    4.56279257     0.08187029442  0.1117894441   0.9572361427   3.81835422     1.979497504    10             
406      I1         2.500704007    3.001925911    4.56279257     0.08187029442  0.1117894441   0.9572361427   3.81835422     1.974810004    10             
407      I1         2.506172757    2.996457161    4.56279257     0.08187029442  0.1117894441   0.9572361427   3.81835422     1.974810004    10             
408      I1         2.506172757    3.001925911    4.56044882     0.08187029442  0.1117894441   0.9572361427   3.81835422     1.974810004    10             
409      I1         2.506172757    3.001925911    4.56279257     0.08033904442  0.1117894441   0.9572361427   3.81835422     1.974810004    10             
410      I1         2.506172757    3.001925911    4.56279257     0.08187029442  0.1102581941   0.9572361427   3.81835422     1.974810004    10             
411      I1         2.506172757    3.001925911    4.56279257     0.08187029442  0.1117894441   0.9417673927   3.81835422     1.974810004    10             
412      I1         2.506172757    3.001925911    4.56279257     0.08187029442  0.1117894441   0.9572361427   3.81132297     1.974810004    10             
413      I1         2.506172757    3.001925911    4.56279257     0.08187029442  0.1117894441   0.9572361427   3.81835422     1.970122504    10             
414      I1         2.508907132    3.001925911    4.56279257     0.08187029442  0.1117894441   0.9572361427   3.81835422     1.974810004    10             
415      I1         2.506172757    3.004660286    4.56279257     0.08187029442  0.1117894441   0.9572361427   3.81835422     1.974810004    10             
416      I1         2.506172757    3.001925911    4.563964445    0.08187029442  0.1117894441   0.9572361427   3.81835422     1.974810004    10             
417      I1         2.506172757    3.001925911    4.56279257     0.08263591942  0.1117894441   0.9572361427   3.81835422     1.974810004    10             
418      I1         2.506172757    3.001925911    4.56279257     0.08187029442  0.1125550691   0.9572361427   3.81835422     1.974810004    10             
419      I1         2.506172757    3.001925911    4.56279257     0.08187029442  0.1117894441   0.9649705177   3.81835422     1.974810004    10             
420      I1         2.506172757    3.001925911    4.56279257     0.08187029442  0.1117894441   0.9572361427   3.821869845    1.974810004    10             
421      I1         2.506172757    3.001925911    4.56279257     0.08187029442  0.1117894441   0.9572361427   3.81835422     1.977153754    10             
422      I1         2.503438382    3.001925911    4.56279257     0.08187029442  0.1117894441   0.9572361427   3.81835422     1.974810004    10             
423      I1         2.506172757    2.999191536    4.56279257     0.08187029442  0.1117894441   0.9572361427   3.81835422     1.974810004    10             
424      I1         2.506172757    3.001925911    4.561620695    0.08187029442  0.1117894441   0.9572361427   3.81835422     1.974810004    10             
425      I1         2.506172757    3.001925911    4.56279257     0.08110466942  0.1117894441   0.9572361427   3.81835422     1.974810004    10             
426      I1         2.506172757    3.001925911    4.56279257     0.08187029442  0.1110238191   0.9572361427   3.81835422     1.974810004    10             
427      I1         2.506172757    3.001925911    4.56279257     0.08187029442  0.1117894441   0.9495017677   3.81835422     1.974810004    10             
428      I1         2.506172757    3.001925911    4.56279257     0.08187029442  0.1117894441   0.9572361427   3.814838595    1.974810004    10             
429      I1         2.506172757    3.001925911    4.56279257     0.08187029442  0.1117894441   0.9572361427   3.81835422     1.972466254    10             
430      I1         2.507539945    3.001925911    4.56279257     0.08187029442  0.1117894441   0.9572361427   3.81835422     1.974810004    10             
431      I1         2.506172757    3.003293099    4.56279257     0.08187029442  0.1117894441   0.9572361427   3.81835422     1.974810004    10             
432      I1         2.506172757    3.001925911    4.563378508    0.08187029442  0.1117894441   0.9572361427   3.81835422     1.974810004    10             
433      I1         2.506172757    3.001925911    4.56279257     0.08225310692  0.1117894441   0.9572361427   3.81835422     1.974810004    10             
434      I1         2.506172757    3.001925911    4.56279257     0.08187029442  0.1121722566   0.9572361427   3.81835422     1.974810004    10             
435      I1         2.506172757    3.001925911    4.56279257     0.08187029442  0.1117894441   0.9611033302   3.81835422     1.974810004    10             
436      I1         2.506172757    3.001925911    4.56279257     0.08187029442  0.1117894441   0.9572361427   3.820112032    1.974810004    10             
437      I1         2.506172757    3.001925911    4.56279257     0.08187029442  0.1117894441   0.9572361427   3.81835422     1.975981879    10             
438      I1         2.50480557     3.001925911    4.56279257     0.08187029442  0.1117894441   0.9572361427   3.81835422     1.974810004    10             
439      I1         2.506172757    3.000558724    4.56279257     0.08187029442  0.1117894441   0.9572361427   3.81835422     1.974810004    10             
440      I1         2.506172757    3.001925911    4.562206633    0.08187029442  0.1117894441   0.9572361427   3.81835422     1.974810004    10             
441      I1         2.506172757    3.001925911    4.56279257     0.08148748192  0.1117894441   0.9572361427   3.81835422     1.974810004    10             
442      I1         2.506172757    3.001925911    4.56279257     0.08187029442  0.1114066316   0.9572361427   3.81835422     1.974810004    10             
443      I1         2.506172757    3.001925911    4.56279257     0.08187029442  0.1117894441   0.9533689552   3.81835422     1.974810004    10             
444      I1         2.506172757    3.001925911    4.56279257     0.08187029442  0.1117894441   0.9572361427   3.816596407    1.974810004    10             
445      I1         2.506172757    3.001925911    4.56279257     0.08187029442  0.1117894441   0.9572361427   3.81835422     1.973638129    10             
446      I1         2.506856351    3.001925911    4.56279257     0.08187029442  0.1117894441   0.9572361427   3.81835422     1.974810004    10             
447      I1         2.506172757    3.002609505    4.56279257     0.08187029442  0.1117894441   0.9572361427   3.81835422     1.974810004    10             
448      I1         2.506172757    3.001925911    4.563085539    0.08187029442  0.1117894441   0.9572361427   3.81835422     1.974810004    10             
449      I1         2.506172757    3.001925911    4.56279257     0.08206170067  0.1117894441   0.9572361427   3.81835422     1.974810004    10             
450      I1         2.506172757    3.001925911    4.56279257     0.08187029442  0.1119808504   0.9572361427   3.81835422     1.974810004    10             
451      I1         2.506172757    3.001925911    4.56279257     0.08187029442  0.1117894441   0.9591697365   3.81835422     1.974810004    10             
452      I1         2.506172757    3.001925911    4.56279257     0.08187029442  0.1117894441   0.9572361427   3.819233126    1.974810004    10             
453      I1         2.506172757    3.001925911    4.56279257     0.08187029442  0.1117894441   0.9572361427   3.81835422     1.975395942    10             
454      I1         2.505489164    3.001925911    4.56279257     0.08187029442  0.1117894441   0.9572361427   3.81835422     1.974810004    10             
455      I1         2.506172757    3.001242317    4.56279257     0.08187029442  0.1117894441   0.9572361427   3.81835422     1.974810004    10             
456      I1         2.506172757    3.001925911    4.562499601    0.08187029442  0.1117894441   0.9572361427   3.81835422     1.974810004    10             
457      I1         2.506172757    3.001925911    4.56279257     0.08167888817  0.1117894441   0.9572361427   3.81835422     1.974810004    10             
458      I1         2.506172757    3.001925911    4.56279257     0.08187029442  0.1115980379   0.9572361427   3.81835422     1.974810004    10             
459      I1         2.506172757    3.001925911    4.56279257     0.08187029442  0.1117894441   0.955302549    3.81835422     1.974810004    10             
460      I1         2.506172757    3.001925911    4.56279257     0.08187029442  0.1117894441   0.9572361427   3.817475313    1.974810004    10             
461      I1         2.506172757    3.001925911    4.56279257     0.08187029442  0.1117894441   0.9572361427   3.81835422     1.974224067    10             
462      I1         2.506514554    3.001925911    4.56279257     0.08187029442  0.1117894441   0.9572361427   3.81835422     1.974810004    10             
463      I1         2.506172757    3.002267708    4.56279257     0.08187029442  0.1117894441   0.9572361427   3.81835422     1.974810004    10             
464      I1         2.506172757    3.001925911    4.562939055    0.08187029442  0.1117894441   0.9572361427   3.81835422     1.974810004    10             
465      I1         2.506172757    3.001925911    4.56279257     0.08196599754  0.1117894441   0.9572361427   3.81835422     1.974810004    10             
466      I1         2.506172757    3.001925911    4.56279257     0.08187029442  0.1118851472   0.9572361427   3.81835422     1.974810004    10             
467      I1         2.506172757    3.001925911    4.56279257     0.08187029442  0.1117894441   0.9582029396   3.81835422     1.974810004    10             
468      I1         2.506172757    3.001925911    4.56279257     0.08187029442  0.1117894441   0.9572361427   3.818793673    1.974810004    10             
469      I1         2.506172757    3.001925911    4.56279257     0.08187029442  0.1117894441   0.9572361427   3.81835422     1.975102973    10             
470      I1         2.505830961    3.001925911    4.56279257     0.08187029442  0.1117894441   0.9572361427   3.81835422     1.974810004    10             
471      I1         2.506172757    3.001584114    4.56279257     0.08187029442  0.1117894441   0.9572361427   3.81835422     1.974810004    10             
472      I1         2.506172757    3.001925911    4.562646086    0.08187029442  0.1117894441   0.9572361427   3.81835422     1.974810004    10             
473      I1         2.506172757    3.001925911    4.56279257     0.08177459129  0.1117894441   0.9572361427   3.81835422     1.974810004    10             
474      I1         2.506172757    3.001925911    4.56279257     0.08187029442  0.111693741    0.9572361427   3.81835422     1.974810004    10             
475      I1         2.506172757    3.001925911    4.56279257     0.08187029442  0.1117894441   0.9562693458   3.81835422     1.974810004    10             
476      I1         2.506172757    3.001925911    4.56279257     0.08187029442  0.1117894441   0.9572361427   3.817914767    1.974810004    10             
477      I1         2.506172757    3.001925911    4.56279257     0.08187029442  0.1117894441   0.9572361427   3.81835422     1.974517035    10             
478      I1         2.506343656    3.001925911    4.56279257     0.08187029442  0.1117894441   0.9572361427   3.81835422     1.974810004    10             
479      I1         2.506172757    3.00209681     4.56279257     0.08187029442  0.1117894441   0.9572361427   3.81835422     1.974810004    10             
480      I1         2.506172757    3.001925911    4.562865812    0.08187029442  0.1117894441   0.9572361427   3.81835422     1.974810004    10             
481      I1         2.506172757    3.001925911    4.56279257     0.08191814598  0.1117894441   0.9572361427   3.81835422     1.974810004    10             
482      I1         2.506172757    3.001925911    4.56279257     0.08187029442  0.1118372957   0.9572361427   3.81835422     1.974810004    10             
483      I1         2.506172757    3.001925911    4.56279257     0.08187029442  0.1117894441   0.9577195412   3.81835422     1.974810004    10             
484      I1         2.506172757    3.001925911    4.56279257     0.08187029442  0.1117894441   0.9572361427   3.818573946    1.974810004    10             
485      I1         2.506172757    3.001925911    4.56279257     0.08187029442  0.1117894441   0.9572361427   3.81835422     1.974956488    10             
486      I1         2.506001859    3.001925911    4.56279257     0.08187029442  0.1117894441   0.9572361427   3.81835422     1.974810004    10             
487      I1         2.506172757    3.001755013    4.56279257     0.08187029442  0.1117894441   0.9572361427   3.81835422     1.974810004    10             
488      I1         2.506172757    3.001925911    4.562719328    0.08187029442  0.1117894441   0.9572361427   3.81835422     1.974810004    10             
489      I1         2.506172757    3.001925911    4.56279257     0.08182244285  0.1117894441   0.9572361427   3.81835422     1.974810004    10             
490      I1         2.506172757    3.001925911    4.56279257     0.08187029442  0.1117415925   0.9572361427   3.81835422     1.974810004    10             
491      I1         2.506172757    3.001925911    4.56279257     0.08187029442  0.1117894441   0.9567527443   3.81835422     1.974810004    10             
492      I1         2.506172757    3.001925911    4.56279257     0.08187029442  0.1117894441   0.9572361427   3.818134493    1.974810004    10             
493      I1         2.506172757    3.001925911    4.56279257     0.08187029442  0.1117894441   0.9572361427   3.81835422     1.97466352     10             
494      I1         2.506258207    3.001925911    4.56279257     0.08187029442  0.1117894441   0.9572361427   3.81835422     1.974810004    10             
495      I1         2.506172757    3.00201136     4.56279257     0.08187029442  0.1117894441   0.9572361427   3.81835422     1.974810004    10             
496      I1         2.506172757    3.001925911    4.562829191    0.08187029442  0.1117894441   0.9572361427   3.81835422     1.974810004    10             
497      I1         2.506172757    3.001925911    4.56279257     0.0818942202   0.1117894441   0.9572361427   3.81835422     1.974810004    10             
498      I1         2.506172757    3.001925911    4.56279257     0.08187029442  0.1118133699   0.9572361427   3.81835422     1.974810004    10             
499      I1         2.506172757    3.001925911    4.56279257     0.08187029442  0.1117894441   0.9574778419   3.81835422     1.974810004    10             
500      I1         2.506172757    3.001925911    4.56279257     0.08187029442  0.1117894441   0.9572361427   3.818464083    1.974810004    10             
501      I1         2.506172757    3.001925911    4.56279257     0.08187029442  0.1117894441   0.9572361427   3.81835422     1.974883246    10             
502      I1         2.506087308    3.001925911    4.56279257     0.08187029442  0.1117894441   0.9572361427   3.81835422     1.974810004    10             
503      I1         2.506172757    3.001840462    4.56279257     0.08187029442  0.1117894441   0.9572361427   3.81835422     1.974810004    10             
504      I1         2.506172757    3.001925911    4.562755949    0.08187029442  0.1117894441   0.9572361427   3.81835422     1.974810004    10             
505      I1         2.506172757    3.001925911    4.56279257     0.08184636863  0.1117894441   0.9572361427   3.81835422     1.974810004    10             
506      I1         2.506172757    3.001925911    4.56279257     0.08187029442  0.1117655183   0.9572361427   3.81835422     1.974810004    10             
507      I1         2.506172757    3.001925911    4.56279257     0.08187029442  0.1117894441   0.9569944435   3.81835422     1.974810004    10             
508      I1         2.506172757    3.001925911    4.56279257     0.08187029442  0.1117894441   0.9572361427   3.818244356    1.974810004    10             
509      I1         2.506172757    3.001925911    4.56279257     0.08187029442  0.1117894441   0.9572361427   3.81835422     1.974736762    10             
