%eval_id interface log__t_recession_soil log__t_recession_intermediate log__t_recession_deep f_exfiltration_soil f_exfiltration_intermediate PDD_melt_factor recession_b_soil log__fdd_threshold neg_kge        
1        I1         2.506172757    3.001925911    4.56279257     0.08187029442  0.1117894441   0.9572361427   3.81835422     1.974810004    1.285311742    
2        I1         3.960592963    3.375641144    4.329993795    0.7426416074   0.7193760053   3.697353834    1.601842645    0.2342803905   1.439467819    
3        I1         3.64182676     1.675014969    3.708914537    0.4832078674   0.0890321183   4.331382158    1.738973243    0.4107358551   1.097527543    
4        I1         4.444522133    2.466688338    4.090689889    0.3240121076   0.04916239375  5.190489881    1.927126987    2.991132966    1.257832525    
5        I1         2.805916008    2.44538112     3.893108868    0.2578996488   0.4326145925   4.286154237    5.443402785    2.116017835    0.5630409471   
6        I1         3.243920644    3.12097754     3.541364796    0.6602045533   0.2052308283   5.08417707     4.377266686    0.9477062294   0.3147052957   
7        I1         3.360102515    2.892347616    3.99823988     0.368880236    0.9170078746   0.4714102173   2.050071966    1.000439065    0.8220821382   
8        I1         2.334402358    3.009355793    3.796296287    0.7300191398   0.4387943063   9.121403494    5.421167017    1.066911655    0.5746139871   
9        I1         3.387314999    2.851031158    4.432171739    0.3745234011   0.9751072237   0.1747179927   5.619102955    1.763299569    0.7312833362   
10       I1         1.048812386    3.227580738    4.176258382    0.3637232882   0.4543216541   5.656863288    4.659102621    0.4341217125   0.8145317837   
11       I1         2.772149846    2.881848821    3.917340438    0.3820957175   0.03786302582  7.990311883    5.518346943    0.3854786578   0.4955485369   
12       I1         4.297127695    2.827790624    4.48176922     0.2137834302   0.4023888976   3.831712223    3.757490202    1.446196789    1.01363256     
13       I1         2.609437255    1.174471905    3.992601579    0.8439753187   0.4692989556   5.581352577    5.871506125    1.276744053    0.891974622    
14       I1         3.761294158    3.55603549     4.578774884    0.5788593947   0.5611679837   1.177112345    4.421276697    1.956144609    1.145253182    
15       I1         3.181082234    1.308164404    4.386013343    0.2997027545   0.6515158266   4.894030408    3.903865097    1.514952042    0.655008886    
16       I1         4.0387544      4.342212523    3.779618818    0.5035474146   0.172586491    8.935380853    4.346777108    2.721607916    0.417974963    
17       I1         1.69257658     1.771736516    4.808364715    0.4257638904   0.2717204916   3.215896412    4.520370033    2.340169959    1.780380174    
18       I1         3.908347021    3.59871733     4.297313474    0.8888690782   0.136307493    8.49266892     5.913164483    2.079389505    0.5020651371   
19       I1         1.82280631     1.965932345    4.510456334    0.941346387    0.3801969768   9.496401716    1.953929267    0.9863965661   1.184197877    
20       I1         1.455589026    3.758403617    4.868518716    0.02682032949  0.5056121611   9.435916875    4.196678741    1.296136568    1.813574018    
21       I1         3.527552553    1.524873965    3.613410887    0.8644663599   0.5565208168   2.858188311    3.650966391    2.001011056    0.3296397974   
22       I1         2.467628011    2.856966788    4.230772191    0.6558531331   0.7898699603   6.165109595    4.11180363     2.493968361    0.4782245801   
23       I1         3.535513741    1.086583974    4.052199615    0.5837991308   0.3475140804   5.071982654    2.39989208     0.3986830698   0.5969569511   
24       I1         3.272974438    3.669300179    4.360553838    0.5574533339   0.367962828    0.7839750314   5.404613931    2.428877288    0.6957528577   
25       I1         4.028927922    3.846901192    3.885985635    0.9014394052   0.3128979224   8.449250233    2.015238104    1.694161574    0.9272034174   
26       I1         3.194585434    3.093167245    4.063307776    0.2887668062   0.8329797208   8.13962312     3.10248983     0.04473927255  0.4039842402   
27       I1         2.945076724    4.026848521    4.415990643    0.4961993767   0.9466801024   6.903781316    4.153119366    1.072328431    0.8542399511   
28       I1         4.154834095    2.273966363    4.949651502    0.333323562    0.10346091     2.715362389    2.624755036    0.1480514182   1.639435542    
29       I1         3.307213333    2.72964647     4.380787771    0.9485655461   0.8178788364   2.171727156    3.976636367    0.7398747344   0.6358683226   
30       I1         2.453297932    1.2780785      3.849085841    0.5167904168   0.1289259313   3.661604156    5.81559827     2.302330392    0.6514003248   
31       I1         2.570024593    3.136609742    3.959565825    0.7000810092   0.3045696348   7.652579117    4.604575241    1.237029339    0.4276311574   
32       I1         1.487739407    3.174235973    3.94033855     0.128473036    0.2484786123   1.502057478    4.032552349    2.379028174    0.8969740428   
33       I1         1.922865347    3.948961037    4.581079361    0.3703465277   0.1479898162   6.48335404     3.842025802    0.8332722562   1.346152489    
34       I1         1.518788655    1.010297402    3.818967023    0.4583877322   0.6121861275   3.372111183    4.73244235     1.491576353    0.7669433636   
35       I1         1.62204746     2.176547668    4.193051593    0.08532162429  0.9546232434   7.331916469    2.737515985    1.623398695    0.6317593284   
36       I1         1.540465155    3.109096827    4.504594779    0.2053694139   0.1081480773   5.385674145    1.91411443     1.742562084    1.272494138    
37       I1         4.078989467    3.974566911    3.78889101     0.7262102806   0.5927817656   3.347979457    2.835102862    0.5954491473   0.5883011656   
38       I1         3.506660635    4.237065746    4.426272251    0.6478459703   0.537096675    1.323055332    5.605366147    2.847197754    0.9101651656   
39       I1         2.078794567    3.430482987    4.871629654    0.9664733799   0.7618330616   9.391928479    3.213180064    1.853799801    1.791566917    
40       I1         1.280097863    3.62557433     4.402770533    0.8487916483   0.7449829453   5.451772094    3.250365594    0.8916820488   1.150120752    
41       I1         3.255336604    1.598534853    4.047417947    0.1985720714   0.6802152624   4.217818408    3.791701667    0.005059092713 0.2554720197   
42       I1         2.73254584     2.91592365     3.723050679    0.4094759667   0.2271843178   4.529884387    2.657254476    2.780243909    0.5869759294   
43       I1         3.184669178    3.131750265    3.635914016    0.307045893    0.8689908005   4.126543821    1.760460971    0.5462182917   0.9344731787   
44       I1         3.113441549    4.20973097     3.772429689    0.1603838599   0.9087467498   7.21046598     5.714167053    2.754979213    0.6641117658   
45       I1         2.251818995    3.075241174    3.907005807    0.3091048798   0.4753711493   9.36699869     5.478121336    2.463665446    0.5440446343   
46       I1         4.279260926    2.249835332    3.811379213    0.6177638289   0.4273640679   4.45813412     3.866690096    1.810518616    0.2877891703   
47       I1         3.227291796    3.695303249    4.758476302    0.1752551528   0.3073840553   5.484717207    5.152151866    0.4685879183   1.544041577    
48       I1         3.355867037    1.185680255    4.105097614    0.6465402684   0.8537564426   1.683142635    2.49616516     1.922017452    0.3940473086   
49       I1         4.404363689    4.282982434    4.269759336    0.2366521052   0.2751800928   5.618450393    5.650162769    1.035058946    0.6047748467   
50       I1         1.217624982    1.512522533    4.739937736    0.07083899011  0.4360470655   5.939641469    2.645719985    0.25877566     1.754532704    
51       I1         2.370754577    1.440281823    4.619123045    0.4496035419   0.3509214385   6.61131203     2.514779428    1.526052728    1.30279694     
52       I1         2.896221043    2.762214977    3.689700947    0.1339867501   0.9023741      7.427576021    5.18473893     0.7020075113   0.3256344704   
53       I1         2.863760407    3.441777074    3.668891477    0.4528106755   0.9224487796   2.908796736    3.332290459    1.317227462    0.2877674061   
54       I1         3.735987406    3.688837636    3.508148012    0.1911231965   0.06784710513  8.264963864    3.279324087    2.322124854    0.8487736476   
55       I1         2.494801485    3.21121194     4.665197178    0.7827888579   0.6270359666   7.952141837    1.537803844    2.733793839    1.376079545    
56       I1         2.093858383    4.075732469    4.07951693     0.6948103972   0.4617170534   7.105306752    1.682645881    2.901711027    0.481605452    
57       I1         3.447527947    3.71508299     3.841652917    0.07903790755  0.871363053    4.60317251     4.763315067    2.614904444    0.6139238075   
58       I1         1.732670986    3.809639847    4.042631231    0.06864317479  0.8469582789   0.3582731703   4.610990882    1.897782895    0.7146977584   
59       I1         1.799070385    2.313137834    4.565531202    0.01128075689  0.01152641849  2.212150905    2.999891462    0.9111448851   1.430873384    
60       I1         4.326883862    3.8442284      4.453330652    0.1241161824   0.3850713039   9.583711601    4.992907678    2.920097012    1.051248331    
61       I1         2.886008814    3.479108359    4.30351576     0.7782062663   0.6953665752   9.218734886    3.720806454    2.983044912    0.5258624387   
62       I1         3.481375649    2.743261766    4.083939245    0.3534372038   0.04468927487  2.631645173    5.907327901    1.303218177    0.5624402419   
63       I1         1.441465725    4.478846872    3.680934571    0.9575132077   0.8629435835   9.006293536    2.226637103    1.653641993    0.8080749328   
64       I1         4.270315836    1.981744977    4.087229769    0.4844471541   0.8928641198   6.124559585    5.389096088    0.270269134    0.3000035602   
65       I1         1.65026736     4.474760059    4.609254842    0.6890713407   0.2176088771   2.571069128    2.578834143    2.812525046    1.479064109    
66       I1         1.202695747    4.445347051    4.038351405    0.594645732    0.3027026087   2.389447736    2.482941024    2.875222482    0.7921775401   
67       I1         3.10896858     3.641117506    3.980459772    0.9105767505   0.6084285145   1.905774743    5.659914828    2.123645344    0.9535766368   
68       I1         2.672277775    3.537186315    4.408522879    0.1423160262   0.7943040718   3.161734854    5.119082503    2.133772125    0.9835339415   
69       I1         1.999824421    3.254513066    3.872017079    0.1397966434   0.807958624    3.506294406    5.469052606    1.909603913    0.6830999557   
70       I1         2.718904229    1.415298496    4.825199887    0.152770079    0.3787398946   5.308717337    1.66338623     1.1473518      1.59398617     
71       I1         1.319652014    4.426422329    4.911750047    0.5950280336   0.964709477    0.5941868708   2.966942612    1.708122614    1.980096778    
72       I1         3.722355696    2.636496899    4.79224147     0.7390744977   0.941542642    2.28079469     3.130616328    1.631392662    1.512282914    
73       I1         4.371708425    2.409807729    3.931671953    0.7968582963   0.220584488    3.465457878    5.721000043    2.275028899    0.4405352516   
74       I1         3.714275963    1.458111611    3.664875627    0.3027917464   0.9527122088   1.57776624     4.216862961    2.103490634    0.34300533     
75       I1         3.279091872    1.676667918    4.970312518    0.588488354    0.4302886432   1.28832285     4.748533382    0.6985175133   1.614642798    
76       I1         4.338487117    4.011574326    4.858524663    0.5112211774   0.2819903394   9.082364385    2.2948897      1.730970536    1.776181943    
77       I1         4.35910109     4.317959153    4.356626615    0.1060554789   0.4123488404   6.850141074    3.146911938    1.962334482    1.105400589    
78       I1         2.492614659    2.591119624    4.768351405    0.9125552918   0.8350015658   4.166339747    3.11542796     0.155087912    1.601562053    
79       I1         2.191956993    3.272868401    3.743459489    0.5617577824   0.08285317218  5.436145523    4.950704397    2.447861487    0.6224405155   
80       I1         4.015668183    2.554057225    4.262113436    0.4342557839   0.7707287291   4.956372551    4.388397846    2.458816046    0.358162561    
81       I1         2.247495323    2.956549244    4.661036285    0.5475402506   0.813832477    7.899259404    3.478669227    1.363241007    1.445389979    
82       I1         3.966418466    4.08618395     4.93669399     0.3617429562   0.1739787854   7.534625544    1.900812999    0.7966137695   1.863377291    
83       I1         1.072386537    2.45323084     4.218159995    0.3297835083   0.4827215116   0.1383557627   4.9169376      2.681929217    0.7055188029   
84       I1         1.757210096    3.957342796    4.676175399    0.03599679946  0.6720925495   5.044471134    4.474629078    1.057347563    1.642578442    
85       I1         1.255410677    2.246380557    4.375696499    0.5353698492   0.2087928288   8.799554718    3.226932053    0.1090151029   1.005246863    
86       I1         4.421874554    4.40339074     3.717056883    0.6853682706   0.5312512202   2.089410644    5.375664336    0.1600216106   0.2736751762   
87       I1         2.816703765    2.361795178    3.590844564    0.9308505921   0.6208331469   7.256774185    1.69985291     2.473719112    0.4681000668   
88       I1         2.020657695    1.357837068    3.854733149    0.127562032    0.9584592573   3.251303546    3.577514615    2.973675875    0.4556794088   
89       I1         1.556394392    2.391430581    4.960211141    0.8096779854   0.653742217    6.983470842    3.063546476    2.030220468    1.876440154    
90       I1         2.776191368    1.979036938    4.247393474    0.2011009297   0.8435021733   4.715888998    1.617094651    1.027393238    0.8321878058   
91       I1         2.524688618    2.671076524    4.278421151    0.4895793974   0.07391524674  2.653942694    5.143497276    2.513835711    0.7553933105   
92       I1         1.618263504    3.412708496    4.629560838    0.8583340564   0.4484366104   9.174741589    5.332028234    1.571044989    1.62129594     
93       I1         1.700313241    4.047729107    4.719299654    0.4085227492   0.7289337692   3.614292698    3.175234303    1.336880903    1.705979982    
94       I1         3.770028802    1.795286066    4.992183092    0.03765811168  0.2464161253   6.634035164    4.684110638    1.461006211    1.517462978    
95       I1         2.662446506    2.160792011    4.833557562    0.3136359659   0.2935083771   5.275197541    4.925759704    2.63306504     1.624155292    
96       I1         3.821005874    4.094341045    4.601083691    0.5377850523   0.827400762    2.183137175    3.673426013    0.7605917496   1.253922983    
97       I1         1.26864588     4.435918817    4.634652322    0.7660642874   0.1214055083   7.187073331    5.747620302    0.1708686619   1.65145738     
98       I1         2.700639598    4.220011254    4.953433392    0.8608480364   0.1505513559   4.727184153    1.582923175    0.3034123706   1.608660449    
99       I1         1.63789686     3.997079929    3.791413702    0.0903694521   0.5788924596   5.774861325    1.67575642     1.216890575    0.847972272    
100      I1         3.862760596    2.076392035    4.235789382    0.9169635703   0.685109752    1.059934205    3.352474626    1.435323951    0.2765889353   
101      I1         2.989150899    2.101996811    4.008842915    0.7643935641   0.7841465648   0.6063780837   2.113455682    1.712002352    0.4096531427   
102      I1         3.631466072    2.61227307     4.281611945    0.8392264346   0.7054546704   6.710055755    2.354003222    0.1265346684   0.6821712763   
103      I1         1.35765813     2.523942431    4.880159369    0.6817590328   0.633732568    9.767570232    4.312353556    0.6182917958   1.892020454    
104      I1         3.229612789    1.060961957    3.596579127    0.2944660222   0.09677803858  3.289680331    3.562023429    0.09652809674  0.5338473802   
105      I1         2.102026021    3.501492128    4.448286767    0.3908718751   0.5857182627   7.772486148    5.947796878    2.193065111    1.046503024    
106      I1         2.363233683    4.166877031    4.137498926    0.3579996258   0.2375262317   5.736727176    5.000954441    0.6273333389   0.6024370835   
107      I1         2.905874802    2.983731535    4.324802023    0.989453186    0.607010724    8.654259139    5.785940181    1.165720157    0.7450915808   
108      I1         1.406842052    3.032664127    4.775180653    0.07396129374  0.3931840479   6.409110143    5.247326643    1.721838804    1.728821155    
109      I1         3.310498345    1.535204701    4.272725886    0.2099069187   0.7659888071   2.999869278    2.593861231    0.5036395973   0.5998140321   
110      I1         3.933589564    2.187559379    4.143210819    0.9358103204   0.4473012554   9.548449799    4.648949323    1.682260491    0.4465660664   
111      I1         3.602386329    3.326396102    4.838226788    0.5279734897   0.6156617733   7.662693208    3.417494791    0.8698789191   1.54110952     
112      I1         1.846957603    2.751488006    3.645172422    0.3832702037   0.9310201391   1.957400108    5.820486019    0.2946714694   0.6825444235   
113      I1         3.677057953    3.049392077    4.519375785    0.3334357705   0.9190928976   3.991173488    5.191539007    1.798035012    1.005632618    
114      I1         1.170953733    1.238939123    4.906027345    0.7772854328   0.836560833    2.946877912    4.445850672    1.242224447    2.047615262    
115      I1         2.326942602    1.616971711    3.53698483     0.1094647061   0.9267890524   7.751662791    5.962709885    1.587008286    0.5327162626   
116      I1         3.886396623    1.625438518    3.678082803    0.9197970148   0.9713532722   8.751343945    2.421892063    1.111286656    0.5892030793   
117      I1         2.91627908     2.32572468     4.683484523    0.06021600091  0.9379771955   7.15887715     5.283709154    2.232423802    1.460045467    
118      I1         1.036524918    2.477713992    4.03340084     0.03961106068  0.739563675    0.4383188587   5.048276727    2.021026004    0.7846860959   
119      I1         3.810809052    3.087079881    4.128173892    0.1350522446   0.8969460614   7.407846489    2.206737413    2.38867114     0.9995281539   
120      I1         1.368982767    4.117933596    4.68562436     0.7502022129   0.03575032858  2.505893795    4.846820409    2.697099797    1.770017072    
121      I1         1.223474689    2.9798408      3.513992575    0.09506460568  0.6674393617   5.133200276    3.044377625    2.64381719     0.8387811993   
122      I1         1.242056673    1.787009091    4.934792499    0.9711978667   0.7807575394   6.440097854    5.068685212    2.663597072    2.038643798    
123      I1         2.995913025    1.942372945    3.554562642    0.768180211    0.3251547208   3.013930012    5.892180884    2.543817294    0.6743032037   
124      I1         2.643698253    4.459085778    3.804527258    0.1861942359   0.08592714136  4.884283603    5.800193836    1.501996075    0.7562649466   
125      I1         2.427014119    4.294273276    4.624231967    0.4563962076   0.7065786773   8.569121207    5.079261189    2.20981977     1.454704318    
126      I1         2.404478235    2.211209543    3.976192295    0.2345873294   0.5424318474   6.296109337    5.112571019    1.152838573    0.4698171722   
127      I1         4.481463745    1.86123137     4.889923412    0.5638427568   0.5132588444   3.177402617    4.708410894    1.646402055    1.531357326    
128      I1         3.845985729    2.694886425    3.926124137    0.02456168552  0.7113755041   4.019669975    4.076656315    2.242356466    0.565753074    
129      I1         4.139530182    2.21837876     4.520355411    0.9063060078   0.3380955784   4.999514334    1.828209244    2.809087969    1.53687563     
130      I1         3.509154396    2.295243783    3.528708839    0.8532681676   0.1685791455   9.526076387    4.053238178    1.981851762    0.2919872622   
131      I1         2.387296134    2.133627287    4.119314366    0.8179985224   0.6889461185   5.682692331    1.868672085    0.245910656    0.2622638538   
132      I1         3.90051117     1.49306238     4.646074974    0.7218329044   0.2536875913   1.149210547    5.592582359    0.220408035    1.308896102    
133      I1         1.295067528    1.892140262    3.605836802    0.8351751549   0.02848347457  9.990094479    4.405105164    0.8881793251   0.8359165138   
134      I1         2.854009426    3.796236738    3.574449299    0.8496504772   0.01337837752  2.891081887    2.68446131     1.228988248    0.2145360836   
135      I1         4.173509486    3.74473726     4.63927886     0.2863724592   0.9622850424   3.486612735    3.766093869    1.485889901    1.386486652    
136      I1         3.927651373    3.390703566    4.331852453    0.1448942896   0.3148766168   7.310678901    5.861856846    1.869615244    0.7040211276   
137      I1         3.98780292     4.201477565    3.728471479    0.4033144509   0.5846141512   4.801508251    1.566973466    0.4583150151   1.364793072    
138      I1         4.229209418    2.960433363    4.850708376    0.2528676024   0.714725534    5.787673809    1.50291823     0.3297641712   2.189453929    
139      I1         3.654990464    1.871563857    4.549024377    0.668142229    0.509737054    1.696533584    2.792435492    2.671064864    1.09692312     
140      I1         4.393458713    2.812054812    4.965629526    0.5748104646   0.05394717492  1.857627286    4.430016291    1.871805178    1.507431321    
141      I1         3.557241226    3.473301656    3.857231003    0.1681824529   0.5109124987   8.296674237    4.35006374     1.095379226    0.5132395071   
142      I1         1.027024382    1.47708645     4.014958333    0.6238800601   0.3414620436   3.812652926    2.866490234    0.6543002893   0.8240195309   
143      I1         4.45862994     2.659574292    3.579251762    0.7246198575   0.4707808031   9.688580275    2.708854727    1.598079942    0.7574305883   
144      I1         3.08031755     2.003234583    3.69304384     0.4149177055   0.6568343862   6.895136135    2.764231456    2.937794033    0.4640586962   
145      I1         3.694529378    3.524957599    4.13313467     0.6010773471   0.1250539843   0.8712048423   4.844182886    1.328476117    0.2905885087   
146      I1         3.142940227    1.487236552    4.984071993    0.4782339761   0.8500911906   2.073431759    4.002796706    0.8799337468   1.620379722    
147      I1         4.496540622    2.681774956    4.313651242    0.1569038732   0.5220185425   6.104156355    2.355854873    2.890233498    1.230992938    
148      I1         2.139756979    2.607235829    3.629091159    0.05814758281  0.6994658029   3.558779445    2.462944938    2.959670102    0.8068571344   
149      I1         1.947771165    2.065944086    3.731005974    0.09380691351  0.1597277525   6.688892982    4.824918021    0.8262394375   0.7616422574   
150      I1         1.98945221     3.726874682    4.588538233    0.05397155562  0.2666295428   1.544169539    4.039578543    1.550609428    1.45984046     
151      I1         2.004452966    1.149968158    3.781302474    0.179527658    0.459415704    5.877084206    2.826731813    1.18745293     0.5388878664   
152      I1         1.529247012    1.070751803    3.561492696    0.4984778558   0.8223547415   4.675868525    2.002458254    0.42181485     0.5965034123   
153      I1         2.267110759    1.643623832    4.111068327    0.5249688643   0.7282635288   9.807148281    1.847751304    2.742672698    0.3888476887   
154      I1         2.043177593    3.732207481    4.998039006    0.2749906241   0.2025505396   1.20806615     4.511964668    1.255059318    1.698715096    
155      I1         3.428334359    1.811909487    4.028535478    0.4360845678   0.8820383405   6.266903658    3.693990554    1.54692594     0.1863916602   
156      I1         2.739298011    4.366779266    3.862530359    0.8055794563   0.03002443055  7.03016898     5.52088945     0.7579311184   0.6196475711   
157      I1         2.752632439    2.264329873    4.844439618    0.9378834073   0.02603853883  1.393663158    4.784277666    0.8039866818   1.749348027    
158      I1         1.863040659    2.542588607    4.065139219    0.9315443773   0.9684807231   2.271706462    3.713342104    1.531563827    0.9498236102   
159      I1         3.623835196    4.274629885    3.880135308    0.7909367982   0.06335144982  4.247479126    4.246766343    2.353304689    0.2609527407   
160      I1         1.022051805    1.256919938    4.704250596    0.1822568941   0.3355639597   3.302655049    2.382931918    0.7152595511   1.783194418    
161      I1         3.32281993     2.33526454     3.830982122    0.8202279181   0.1177522271   0.5511667692   2.070825875    1.937800442    0.6186433229   
162      I1         1.185776945    4.151087364    3.988401344    0.2482968935   0.2999623596   1.040583558    5.232421194    2.609415217    0.8256809467   
163      I1         2.285085474    4.308952292    4.210760386    0.3374150785   0.279182846    6.763594913    1.547674479    1.018043429    0.7476330493   
164      I1         1.565129187    4.384933266    3.652058014    0.4156345467   0.3741075441   0.9747690129   2.137824677    1.392706153    0.7010137261   
165      I1         1.474162212    3.060623957    4.070673926    0.6350235686   0.6425564559   0.6281363281   1.832888245    2.598068224    0.5743005641   
166      I1         3.485971084    1.832060311    4.90382365     0.9033250825   0.3221937678   1.941395209    2.537072661    2.650226115    1.582444388    
167      I1         1.743148947    3.825544464    4.653403629    0.282446083    0.7329755853   1.989780196    2.401005741    1.919275367    1.566436974    
168      I1         2.346050539    3.3995862      4.243564122    0.6318941159   0.949165208    0.3973248431   4.540841562    0.4789876932   0.5984653112   
169      I1         4.111697716    1.10693506     3.938568019    0.4631838113   0.1013074441   6.01519677     3.459651371    1.12458415     0.5068214755   
170      I1         3.829351931    2.122915814    4.929672909    0.4686115266   0.5031211313   3.105402687    3.088523885    2.861107974    1.564078674    
171      I1         1.897109378    3.334547885    4.120116877    0.5540566055   0.5185026592   7.585434032    5.262979228    0.369665564    0.5747051063   
172      I1         2.964286786    2.413870024    3.967477215    0.8847277457   0.5671904152   5.955674479    3.802855093    2.703572792    0.4919528564   
173      I1         4.097874542    1.373012633    3.62460696     0.2228202545   0.2877460165   8.334224322    4.88116534     0.1132925225   0.4183967494   
174      I1         1.767921921    1.910118863    3.94820331     0.6022610977   0.2602711335   8.24717916     4.496785484    0.01217128017  0.5692628426   
175      I1         2.16565469     3.786273795    4.724465045    0.9795582233   0.2098740821   1.010521473    4.302500748    0.2840585365   1.681280949    
176      I1         1.010845521    4.250304908    3.950019121    0.6297198519   0.7516442785   9.199591692    3.42605922     0.2082641887   0.7806888864   
177      I1         2.649783694    2.052609485    4.168677946    0.1134234945   0.15576903     8.703049179    3.537516944    1.836636075    0.6253183752   
178      I1         4.232557125    4.372102771    3.971744774    0.2729217598   0.4931008605   3.745943433    3.317220625    1.840322329    0.7689110042   
179      I1         3.372137589    4.042641055    3.766092763    0.8944457742   0.2340491312   7.283779674    5.503159953    0.07249794206  0.7231621705   
180      I1         1.347751702    2.580435285    4.860737851    0.100521532    0.5760678983   7.027733153    2.607174775    0.7740339214   1.817043739    
181      I1         3.060926604    1.664483942    4.656688424    0.5146411477   0.2448017307   2.34359497     5.680469787    2.288872778    1.451173447    
182      I1         1.111207576    3.652626466    4.53924672     0.507708016    0.1849948652   1.231381987    5.635243376    0.1863946817   1.445663535    
183      I1         4.213536252    2.428808671    4.557856555    0.03232881701  0.4874712745   5.814931171    2.855209459    0.9313382408   1.355025377    
184      I1         3.40433927     1.216760503    4.919765623    0.4223373309   0.3997498947   6.315550258    1.742240301    2.174535434    1.734260758    
185      I1         3.87662093     1.758278689    3.89962961     0.01761344909  0.2317561964   9.33223508     5.743243328    2.141468457    0.5969764783   
186      I1         2.178620483    3.979671272    3.960204839    0.7047729654   0.1628758786   3.090635965    2.626883419    1.08164751     0.381966436    
187      I1         2.053018389    4.418326499    3.836470672    0.6702249147   0.9142553178   0.9222992184   4.334676722    1.826155283    0.5615694273   
188      I1         3.456017976    4.488804648    4.395200035    0.2506824008   0.6796230876   8.62880349     4.103451011    0.2101624065   0.8702602281   
189      I1         2.312378978    3.573706224    3.547597908    0.1033801179   0.5735897937   9.053510048    5.538267229    0.9032487203   0.6642055891   
190      I1         1.972759027    2.283806455    4.876129323    0.7994510876   0.9325752491   9.442576294    3.384824075    1.771597677    1.788410155    
191      I1         3.588108428    2.801482724    4.466576706    0.4439054183   0.8604976298   0.3257977483   2.322790036    1.26336092     1.106870102    
192      I1         3.156611444    1.300728597    4.696387178    0.676848485    0.2576233267   3.876418288    2.164128346    0.2619529614   1.402772303    
193      I1         2.549328745    1.924241645    4.803329782    0.6064637601   0.3632845532   2.456995337    3.630755652    0.6780633394   1.615056594    
194      I1         4.436827096    1.876081954    4.749826419    0.04631572826  0.06917312631  0.803349096    5.364818061    1.102627846    1.481379697    
195      I1         3.132454766    1.69680791     4.613278452    0.4393065005   0.5642428646   3.940408519    1.780331469    0.637250079    1.375356802    
196      I1         1.662559596    3.29073733     4.287288904    0.8661838949   0.5233939486   8.584118857    2.328993377    0.6029548605   0.7238007154   
197      I1         1.451776329    1.045653319    4.204704216    0.9243459712   0.6635464248   0.6846961195   3.973540063    1.343975291    0.9263645542   
198      I1         4.311925999    2.115975194    4.059570044    0.5763089343   0.9883526835   2.837997409    2.302548831    2.216826403    0.9536621937   
199      I1         2.47219121     3.150288492    4.498427653    0.9698528934   0.1790726062   5.318249909    4.082003247    0.8514384187   1.139065313    
200      I1         2.172866915    3.897384818    3.568370574    0.2212320219   0.8581902132   2.418285222    4.171200426    2.436065393    0.7001715849   
201      I1         3.98176549     2.229278907    3.879697913    0.2089163743   0.3909964414   4.365068302    3.268998632    0.3373427054   0.6598509273   
202      I1         3.210109622    3.608651252    4.354930306    0.5665403297   0.8994223175   0.5155318816   2.452374947    0.8113180241   0.7592946856   
203      I1         3.70606967     3.27727616     4.955519155    0.2257529178   0.5982216018   7.789316642    2.564374013    2.831380021    1.669812941    
204      I1         4.192509794    1.5685339      3.920320274    0.5227558373   0.6290082472   4.058018758    5.689090775    2.251873656    0.3240529636   
205      I1         4.163086147    2.870229406    4.734102797    0.2605007178   0.6908226698   9.893005244    4.868591802    1.993753293    1.420826688    
206      I1         1.091308422    3.195620954    4.726614607    0.2398713653   0.8255057529   7.064042437    5.299916979    0.5350828349   1.735456553    
207      I1         2.794185572    2.482466686    4.760692807    0.1717771929   0.3434151444   6.216627951    4.66716185     1.609373634    1.539669266    
208      I1         2.711666021    1.840811179    4.595898833    0.3991976672   0.1985287257   2.025216672    1.71652321     2.090616315    1.278372795    
209      I1         2.029221084    1.424674845    4.895590538    0.7740396554   0.1376139005   6.352420219    5.559359306    2.567535071    1.820597362    
210      I1         1.770287889    1.333712251    3.700436094    0.3205776368   0.4067010932   5.162715657    1.967081045    0.9507995359   0.5889684443   
211      I1         1.573175337    1.284358905    4.552598493    0.0138220575   0.1952555708   3.91128993     1.991011942    2.315740719    1.386876976    
212      I1         3.335617608    1.582951708    4.712640556    0.7860742005   0.1890601572   1.593846828    3.057735301    1.670812587    1.373734548    
213      I1         1.882654729    3.364974735    4.79764427     0.2674938073   0.4780046208   1.276621057    3.404267767    2.041426139    1.698726301    
214      I1         2.069117721    1.700192979    4.189859384    0.3947952275   0.07719894133  6.766951214    2.905515093    2.968189388    0.6334532436   
215      I1         4.121041249    1.950531088    4.813945162    0.3438077843   0.5544699285   8.960502068    5.21746046     0.5822012304   1.502224635    
216      I1         1.838949507    3.161379807    4.103164617    0.6421091236   0.1201212604   5.524604038    3.204377504    0.4020289255   0.5440703049   
217      I1         1.962502599    1.825516674    4.305896388    0.7599331456   0.8887746462   1.373626406    4.466634001    2.770988668    0.8228656508   
218      I1         1.678660666    3.48730154     3.751223135    0.6520493137   0.5953864639   7.375963574    3.541959506    0.7435927634   0.561985971    
219      I1         1.863939505    1.348351526    3.756404799    0.2689075142   0.2156810159   4.447244152    2.271185874    2.395915723    0.6603740902   
220      I1         4.245260657    2.930519282    4.941455263    0.3857637516   0.6961344583   2.777260348    4.232727281    2.62411397     1.559549697    
221      I1         3.592944863    4.177176793    3.640499372    0.3961759723   0.805928482    1.447753494    2.698976337    1.756551853    0.713923113    
222      I1         4.053623682    3.184312633    4.155020637    0.1205591682   0.5475262182   0.241138325    3.590721666    1.805775029    0.7766986315   
223      I1         4.31758572     1.587481599    4.46315077     0.6646589952   0.1659209448   2.596206367    2.088089969    2.718524897    1.315749069    
224      I1         3.799935598    1.765280666    4.780744053    0.07736213041  0.1446908839   8.415995466    5.316739113    1.886579956    1.490800428    
225      I1         1.431254222    3.307551661    3.869249226    0.8314936832   0.3331156004   7.868435783    3.437477418    2.571621558    0.6956217195   
226      I1         2.21143608     3.821240842    4.207326122    0.7102397642   0.5517586627   0.1095228706   2.237757076    0.4947618117   0.4044518186   
227      I1         3.466955446    2.571883403    4.442445636    0.8700867974   0.356885533    7.465637508    3.89851397     2.587298398    0.7623934589   
228      I1         1.395592457    1.02200539     4.290803523    0.5006140939   0.3617422335   9.273599008    5.840795214    2.828569128    0.8691352805   
229      I1         2.684102193    4.06462439     4.591197194    0.1156888522   0.7594634673   4.630881637    4.577887398    0.05117857487  1.386428829    
230      I1         1.139490283    1.38978286     4.52658787     0.1646286199   0.2417438303   6.175578454    4.278164568    1.049027438    1.37289652     
231      I1         2.955912372    4.14974999     3.82420574     0.1586357021   0.4105007558   3.411606954    2.128349933    0.5210925952   0.8723160815   
232      I1         2.583235334    2.906909704    3.763401858    0.6251937004   0.1065470813   4.504271809    3.31076174     2.790775506    0.4007686249   
233      I1         2.128277614    3.673162708    3.901736743    0.465210757    0.622309483    1.63161365     4.903760588    0.6449255038   0.6409320366   
234      I1         4.47396246     3.865400532    3.630724622    0.4751500174   0.812421547    6.827758737    4.00895077     0.1371337249   0.4591253635   
235      I1         3.418157945    3.622638389    4.021335936    0.3419970723   0.9848527638   9.849586199    3.361413801    0.9652715088   0.4190740612   
236      I1         2.632491555    3.773300595    4.22092029     0.8802523054   0.979447786    6.399624598    5.039104937    1.132171403    0.6199675979   
237      I1         4.00274477     2.938066327    4.34905553     0.7362907138   0.3533398499   8.893932136    3.292661406    1.667144104    0.5990012715   
238      I1         2.114837767    3.929509817    3.521473891    0.2421199327   0.2956648772   7.978424054    2.148299056    1.9455307      0.7456027787   
239      I1         3.090950393    4.135454561    3.736253997    0.3768789556   0.6483402606   0.275446016    3.916631677    0.3783589419   0.4329771245   
240      I1         2.972315763    1.405761139    4.22693424     0.876164382    0.7373991272   5.220264853    5.93164368     0.5141898021   0.7409736686   
241      I1         3.019405535    4.334315191    4.691908797    0.2294786622   0.2851235629   2.534502614    1.525658335    2.50089213     1.622256644    
242      I1         1.414824635    1.712426371    3.825885202    0.9805095429   0.06031807634  9.035347113    3.937909869    0.8462298488   1.209988175    
243      I1         4.256779974    1.187276289    4.439258158    0.5699990112   0.8014879318   8.08061807     3.522559761    1.38156577     0.7895218684   
244      I1         2.414576763    4.264082335    4.823310104    0.9569122946   0.757544596    6.59679333     5.762548233    0.9739091175   1.821607252    
245      I1         1.907806545    1.127536299    4.394082176    0.2626567102   0.7761797963   8.158161341    5.268100313    2.489029106    0.9570764047   
246      I1         4.088099904    3.246553563    4.479037366    0.1869733362   0.5280954635   9.935364316    2.782945478    0.9207430378   1.183140287    
247      I1         4.362068544    1.095650609    4.182054792    0.8261550649   0.603556501    8.435700196    4.717781611    2.416805911    0.2267720953   
248      I1         1.591846373    2.498726155    4.097722728    0.5316747404   0.02016356509  4.310346469    4.973799987    1.424264058    0.7553609855   
249      I1         1.918496439    1.22644133     4.319924556    0.8162194583   0.9077946181   5.870925088    4.159571122    2.297328917    0.8177719492   
250      I1         1.604714675    3.54420108     4.532068558    0.8873828238   0.2682707875   3.042521913    2.434377225    2.882864521    1.335142756    
251      I1         1.720941323    2.035557411    4.772412337    0.7156196559   0.4967438265   4.563016676    2.887857835    0.9910281888   1.737746453    
252      I1         3.051059559    2.785690662    4.788927283    0.2810816412   0.8759965862   4.78116836     5.166702172    1.454300066    1.585624998    
253      I1         3.396644083    2.781093617    4.459031247    0.4727462276   0.6360603293   7.623043751    3.737406146    2.535754048    0.8290354224   
254      I1         4.207271377    3.420033625    4.489426441    0.9752273023   0.6746964876   7.717283805    3.83017704     1.176664089    0.8744148196   
255      I1         4.135181133    2.715196538    3.747536637    0.5394486182   0.6438213597   1.113506027    3.026092526    1.612403454    0.5882291847   
256      I1         3.159802854    2.347250544    3.806135625    0.7558619954   0.182428131    2.118319626    3.494407373    2.156892577    0.2371144213   
257      I1         3.574963019    2.149963308    4.847843384    0.4191608878   0.3700228634   1.845591962    5.981809018    1.196836077    1.614330828    
258      I1         2.145410618    2.003609876    3.533485608    0.9614109575   0.05124040972  0.701920532    2.065021141    1.568887545    0.5247432391   
259      I1         2.222302829    1.741044483    4.923080038    0.05106478175  0.8857831008   9.929435802    2.819335686    0.722789629    1.71044373     
260      I1         3.297144507    3.31933        4.493175617    0.4313628953   0.320086903    8.095700615    3.158409883    0.08861374577  0.9535044279   
261      I1         1.512526183    1.549688573    3.515108736    0.7479293057   0.07942275114  8.370357904    1.812210054    2.916857372    0.6307037515   
262      I1         2.598021016    3.887546703    3.50148044     0.1493129      0.6631821369   4.124835472    2.747624232    0.577996286    0.6813308806   
263      I1         2.877696005    1.3831201      3.557321009    0.06244660579  0.8745567966   6.043796498    4.205841209    1.474944107    0.365122017    
264      I1         3.034124932    1.247591497    4.018088633    0.9534866534   0.9830281785   1.458145766    2.974448342    0.4471354503   0.505539446    
265      I1         3.751985239    1.640126189    3.670207533    0.4476728921   0.1311815475   6.001678038    3.00252421     0.03246602149  0.5893891584   
266      I1         2.929413768    3.921560878    4.817131835    0.3476104215   0.191096213    6.52304944     2.260038748    0.0299123315   1.544628805    
267      I1         2.563058433    1.726997484    4.254639916    0.7351553244   0.3294683232   2.681876318    1.882106942    1.407319214    0.4499640242   
268      I1         1.498370292    3.02968424     4.673708299    0.04404286758  0.6396143959   6.953071345    2.202652511    1.283319143    1.61415356     
269      I1         1.123614688    2.627877606    4.572368501    0.8012678524   0.8833437898   8.861973182    3.949425044    2.408131917    1.544274308    
270      I1         3.782377971    2.085091022    4.365308257    0.9844407052   0.7502055389   4.846555464    4.938599138    2.948163232    0.6224904555   
271      I1         1.267881912    2.651428591    4.508984196    0.3203010297   0.3871736439   5.567548951    3.875828651    2.526875163    1.308980017    
272      I1         1.151252669    2.712332693    4.195461208    0.02088740981  0.05784624219  8.818446818    1.788622528    1.357269241    1.027616436    
273      I1         3.550118885    1.16146548     4.171686007    0.6923296241   0.465508111    4.063302564    4.138377711    0.1957440408   0.2593846507   
274      I1         1.814705492    4.005183666    4.75410312     0.7522225039   0.04071712417  0.8342739093   5.34965202     2.019138801    1.737667068    
275      I1         1.058797194    1.323602364    4.424680728    0.5852573008   0.1413102393   1.779648702    4.266167299    1.787944327    1.270273731    
276      I1         3.847508532    3.878207399    3.711581441    0.8130420474   0.5694610568   9.773474863    2.182854727    2.555939973    0.7858232069   
277      I1         2.439049911    1.206285234    3.911383996    0.2934147745   0.9372722994   2.35856479     5.997130078    2.220567055    0.7421928369   
278      I1         3.944845906    1.452602841    4.153210517    0.3513967573   0.09428000369  7.822289279    1.621920877    2.16533961     1.221106497    
279      I1         2.836846552    3.236438348    4.893438814    0.78766895     0.842247825    8.538878684    5.448446878    0.6865103848   1.740906762    
280      I1         1.330151543    2.367478498    4.412908551    0.6396962211   0.7934731076   3.585673627    3.19051677     1.201023504    1.131570723    
281      I1         1.195403911    3.581979402    4.146921329    0.6090147236   0.2644768829   1.813236371    3.602725835    2.063558524    0.8525195712   
282      I1         2.229470728    4.185943691    4.338268771    0.5440634302   0.3985872561   3.665753972    3.628149756    0.4867087369   0.786877312    
283      I1         1.94288075     2.507865781    3.586580249    0.7065912886   0.5895334026   4.934930773    3.498440506    0.06456505267  0.5423991186   
284      I1         2.536913031    1.031414927    3.657549695    0.6160442773   0.4965381045   0.7424392947   1.643375789    0.5618529663   0.482478029    
285      I1         1.792160435    3.45297625     4.257690755    0.8742615238   0.5329572475   8.194513123    4.806666646    0.5593391395   0.781150738    
286      I1         3.009310042    2.022049167    3.601796457    0.6112363957   0.5429176497   1.740474131    4.572013364    2.334039422    0.4319911287   
287      I1         3.66023941     4.113436453    3.584733611    0.8399888113   0.2239289244   0.3695975357   4.787034077    0.3576381975   0.5369753217   
288      I1         1.382781146    3.910024818    4.988116002    0.4929807404   0.4852475744   8.050056009    2.526287745    2.365912251    1.839493653    
289      I1         2.388497129    3.350075944    4.644001528    0.1946010934   0.4526974088   9.65776003     2.03633714     2.189302626    1.404732364    
290      I1         2.300104837    2.049073171    4.343583492    0.9462985109   0.7228376675   2.770534601    5.021208465    2.053712897    0.9162747287   
291      I1         1.304575184    4.354103081    4.001078749    0.9264071911   0.7991067335   9.719304767    1.948240709    2.268371791    0.7518521535   
292      I1         4.057013859    1.130793072    4.707193604    0.5496203686   0.01958054421  4.410688445    5.086807505    0.3473174537   1.373728167    
293      I1         3.06576192     1.546621916    4.541078206    0.7134540686   0.7468992355   8.716605469    3.686402212    0.3154873159   1.055373384    
294      I1         2.617397301    1.900396817    4.741142893    0.8970061838   0.4435392042   5.371052394    2.940161838    2.858967395    1.514193104    
295      I1         2.825777012    2.194411161    4.164323104    0.8287151901   0.4161493205   6.548255037    5.578770357    1.378699401    0.6302869368   
296      I1         1.671962313    3.514842864    4.470651024    0.6968460319   0.7171644045   9.604909417    4.553267359    2.761166646    1.200183757    
297      I1         4.410051105    2.381081923    4.977206201    0.6742736568   0.4242836668   3.783799195    2.71580978     0.6696602998   1.663965993    
298      I1         2.271740133    2.836835719    3.618422724    0.3140481537   0.4200881004   0.2008739061   2.929316904    1.413254429    0.4892980318   
299      I1         1.157055807    1.049924856    3.696139804    0.2175845276   0.7724180491   9.301918015    4.633162498    0.7826805766   0.7328972137   
300      I1         1.099956792    2.539070813    4.373791143    0.6578579263   0.7855111937   7.516776562    2.918157446    2.083112658    1.046614457    
301      I1         3.052469136    1.007201646    3.75           0.3386831276   0.9879835391   9.97962963     4.25           0.01851851852  0.5122699078   
302      I1         2.87962963     3.340534979    3.50308642     0.7661728395   0.4516049383   6.72037037     2.972222222    0.9938271605   0.1967969399   
303      I1         4.478395062    3.340534979    3.99691358     0.669382716    0.669382716    6.72037037     4.490740741    2.351851852    0.1708250307   
304      I1         2.937242798    3.354938272    3.669753086    0.7903703704   0.3427160494   6.72037037     2.990740741    0.9814814815   0.1878436036   
305      I1         4.435185185    2.015432099    4.12037037     0.6532510288   0.6088888889   6.72037037     4.675925926    1.99382716     0.136676295    
306      I1         4.262345679    1.842592593    4.108024691    0.6613168724   0.7056790123   0.7722222222   4.509259259    1.99382716     0.2366030056   
307      I1         4.492798354    2.029835391    4.12037037     0.6209876543   0.5604938272   9.97962963     4.990740741    2.796296296    0.151377758    
308      I1         4.132716049    2.159465021    4.12037037     0.6209876543   0.5483950617   7.82037037     4.509259259    1.99382716     0.1340294337   
309      I1         4.492798354    2.62037037     3.583333333    0.4798353909   0.7782716049   6.72037037     5.75           1.00617284     0.1888546424   
310      I1         4.492798354    1.770576132    4.169753086    0.6209876543   0.4516049383   9.938888889    5.509259259    1.759259259    0.1973895862   
311      I1         2.75           1.352880658    4.083333333    0.5322633745   0.733909465    6.72037037     3.083333333    0.9814814815   0.240852878    
312      I1         4.492798354    3.354938272    3.737654321    0.5120987654   0.6653497942   8.961111111    5.583333333    0.3271604938   0.1703761912   
313      I1         4.492798354    2.87962963     3.663580247    0.5            0.3346502058   5.661111111    5.675925926    0.6481481481   0.2674308895   
314      I1         4.492798354    3.138888889    3.663580247    0.5967901235   0.8871604938   8.92037037     5.324074074    1.388888889    0.1358723364   
315      I1         4.492798354    3.340534979    3.663580247    0.5483950617   0.9839506173   5.905555556    5.416666667    0.6604938272   0.1740137482   
316      I1         3.527777778    1.237654321    3.50308642     0.116872428    0.9879835391   7.861111111    5.509259259    0.09259259259  0.5741530399   
317      I1         4.492798354    1.770576132    3.663580247    0.5362962963   0.6572839506   9.327777778    5.305555556    2.339506173    0.1487142063   
318      I1         4.492798354    3.340534979    3.663580247    0.5725925926   0.7177777778   7.861111111    5.416666667    1.672839506    0.1611175677   
319      I1         4.492798354    1.770576132    3.675925926    0.5524279835   0.8024691358   9.938888889    5.472222222    1.339506173    0.2536144704   
320      I1         4.449588477    2.231481481    3.527777778    0.5            0.7742386831   9.97962963     5.138888889    2.99382716     0.2249979886   
321      I1         4.103909465    4.391975309    3.972222222    0.6653497942   0.6653497942   8.838888889    4.490740741    0.3518518519   0.1772934465   
322      I1         4.103909465    4.132716049    3.768518519    0.669382716    0.9879835391   9.97962963     4.490740741    0.9814814815   0.1799821051   
323      I1         4.492798354    2.173868313    3.768518519    0.5362962963   0.6653497942   9.97962963     5.027777778    2.981481481    0.2208278554   
324      I1         4.492798354    4.305555556    3.663580247    0.7742386831   0.8266666667   9.938888889    4.490740741    0.3518518519   0.1461260337   
325      I1         3.715020576    4.132716049    3.546296296    0.6814814815   0.9879835391   9.97962963     4.490740741    0.01851851852  0.2038683699   
326      I1         3.340534979    4.492798354    3.657407407    0.8024691358   0.6653497942   6.761111111    3.694444444    0.9938271605   0.2147978277   
327      I1         3.326131687    3.095679012    3.99691358     0.6209876543   0.6653497942   6.72037037     3.694444444    0.6481481481   0.1556562032   
328      I1         3.138888889    4.492798354    3.805555556    0.6613168724   0.6653497942   9.97962963     4.027777778    0.09259259259  0.2649883245   
329      I1         3.095679012    3.138888889    3.50308642     0.6613168724   0.9879835391   9.97962963     3.861111111    1.87037037     0.2112288499   
330      I1         3.326131687    2.937242798    3.608024691    0.6613168724   0.669382716    8.961111111    3.75           1.018518519    0.151348774    
331      I1         2.87962963     2.317901235    3.99691358     0.3386831276   0.9879835391   9.938888889    3.990740741    1.351851852    0.2618516319   
332      I1         3.470164609    3.398148148    3.675925926    0.7540740741   0.330617284    6.72037037     3.675925926    0.9938271605   0.1658963771   
333      I1         3.311728395    2.951646091    3.50308642     0.6613168724   0.6572839506   9.97962963     3.805555556    0.09259259259  0.158913103    
334      I1         3.095679012    3.311728395    3.558641975    0.6613168724   0.5604938272   9.97962963     3.731481481    0.6481481481   0.2069656834   
335      I1         3.398148148    2.159465021    4.12037037     0.6653497942   0.6653497942   1.138888889    3.490740741    0.9814814815   0.2035871192   
336      I1         3.268518519    2.677983539    3.515432099    0.6613168724   0.7298765432   3.746296296    3.472222222    0.6481481481   0.1822516167   
337      I1         3.326131687    3.052469136    3.675925926    0.6613168724   0.7782716049   5.57962963     3.657407407    0.3148148148   0.1677946175   
338      I1         2.87962963     1.410493827    3.990740741    0.116872428    0.9879835391   0.1203703704   3.638888889    0.9938271605   0.4702152812   
339      I1         3.326131687    2.62037037     3.50308642     0.5161316872   0.9234567901   9.97962963     4.472222222    0.6851851852   0.2345341838   
340      I1         2.75           3.326131687    3.99691358     0.6572839506   0.883127572    8.961111111    3.009259259    0.9814814815   0.1970269189   
341      I1         3.326131687    2.663580247    3.509259259    0.6613168724   0.9839506173   9.97962963     3.490740741    0.6111111111   0.1580646894   
342      I1         2.793209877    3.311728395    3.99691358     0.6613168724   0.6653497942   6.761111111    3.027777778    0.006172839506 0.1988232035   
343      I1         3.268518519    2.533950617    3.99691358     0.6290534979   0.6653497942   9.938888889    3.490740741    0.9814814815   0.1362520188   
344      I1         3.326131687    2.533950617    3.99691358     0.6451851852   0.8871604938   9.97962963     3.490740741    0.9814814815   0.1454786769   
345      I1         3.196502058    2.447530864    3.99691358     0.5967901235   0.7742386831   9.938888889    3.490740741    0.6851851852   0.1473610969   
346      I1         4.492798354    3.326131687    4.101851852    0.6330864198   0.5            8.961111111    4.990740741    0.9938271605   0.1382068553   
347      I1         3.268518519    1.151234568    3.99691358     0.4838683128   0.116872428    9.97962963     4.305555556    0.9814814815   0.2671317621   
348      I1         3.326131687    1.021604938    3.50308642     0.5967901235   0.01604938272  9.97962963     4.490740741    0.9814814815   0.3198941053   
349      I1         3.254115226    2.159465021    3.99691358     0.6451851852   0.04024691358  6.761111111    3.75           0.006172839506 0.1923052786   
350      I1         3.556584362    2.562757202    4.132716049    0.4879012346   0.5483950617   9.694444444    4.509259259    0.09259259259  0.186327897    
351      I1         4.492798354    1.007201646    3.583333333    0.5362962963   0.2943209877   6.761111111    5.324074074    2.99382716     0.3242586293   
352      I1         4.305555556    2.159465021    3.564814815    0.6613168724   0.6209876543   9.938888889    4.842592593    0.9938271605   0.150116875    
353      I1         3.916666667    1.799382716    3.62037037     0.3346502058   0.6653497942   9.97962963     5.527777778    2.672839506    0.2695921441   
354      I1         3.859053498    1.929012346    3.694444444    0.5967901235   0.3346502058   9.97962963     4.509259259    1.018518519    0.1758800706   
355      I1         3.326131687    2.159465021    3.712962963    0.6613168724   0.1209053498   6.761111111    3.861111111    0.01851851852  0.2090807949   
356      I1         2.274691358    2.548353909    3.953703704    0.6935802469   0.6653497942   9.97962963     2.027777778    0.3271604938   0.2644426989   
357      I1         2.922839506    3.441358025    3.608024691    0.7903703704   0.6653497942   0.1611111111   2.990740741    0.9938271605   0.2815115951   
358      I1         2.937242798    1.62654321     3.50308642     0.7298765432   0.669382716    9.938888889    2.990740741    2.00617284     0.1865990143   
359      I1         2.548353909    1.381687243    3.669753086    0.7419753086   0.8750617284   9.97962963     2.472222222    2.018518519    0.2554139998   
360      I1         3.196502058    1.75617284     4.101851852    0.7742386831   0.7702057613   9.938888889    2.990740741    2.018518519    0.1526499347   
361      I1         2.548353909    2.159465021    4.052469136    0.7782716049   0.669382716    9.938888889    2.435185185    2.018518519    0.2124463025   
362      I1         2.937242798    2.145061728    3.50308642     0.7298765432   0.7177777778   9.97962963     2.990740741    0.5            0.1817514479   
363      I1         2.807613169    1.021604938    4.064814815    0.8145679012   0.9839506173   9.97962963     2.324074074    2.00617284     0.2125903495   
364      I1         3.326131687    1.770576132    3.50308642     0.6613168724   0.5483950617   9.938888889    3.694444444    1.018518519    0.1700549868   
365      I1         3.326131687    1.75617284     3.99691358     0.5483950617   0.6613168724   9.97962963     3.75           1.685185185    0.1557386744   
366      I1         3.959876543    2.159465021    3.546296296    0.7177777778   0.8508641975   9.97962963     4.324074074    2.00617284     0.2054456977   
367      I1         3.066872428    2.159465021    3.583333333    0.6613168724   0.9839506173   7.005555556    3.25           2.00617284     0.2283350606   
368      I1         3.326131687    2.159465021    3.99691358     0.5524279835   0.4032098765   7.738888889    3.861111111    0.09259259259  0.1694339022   
369      I1         2.922839506    1.007201646    4.194444444    0.9355555556   0.7742386831   3.37962963     2.490740741    2.018518519    0.2172605248   
370      I1         3.311728395    1.007201646    3.669753086    0.6613168724   0.3427160494   9.97962963     3.694444444    1.648148148    0.1831252626   
371      I1         3.513374486    1.367283951    3.99691358     0.7540740741   0.2257613169   9.97962963     3.583333333    1.388888889    0.134276375    
372      I1         4.132716049    1.381687243    4.12037037     0.5524279835   0.669382716    9.97962963     4.509259259    1.796296296    0.1439237415   
373      I1         4.348765432    2.159465021    4.169753086    0.6330864198   0.7742386831   9.938888889    5.009259259    2.018518519    0.1605346786   
374      I1         3.859053498    1.62654321     4.114197531    0.7016460905   0.7056790123   9.938888889    3.75           2.00617284     0.1312932461   
375      I1         3.916666667    1.75617284     4.182098765    0.4516049383   0.7742386831   9.938888889    5.509259259    2.339506173    0.2590126145   
376      I1         4.492798354    2.159465021    3.62037037     0.5524279835   0.6209876543   7.372222222    5.157407407    1.685185185    0.1406378925   
377      I1         3.700617284    1.770576132    4.169753086    0.4879012346   0.9234567901   6.67962963     4.509259259    0.6481481481   0.2500321294   
378      I1         4.305555556    2.159465021    4.108024691    0.5120987654   0.5483950617   6.67962963     4.861111111    0.9938271605   0.1508851867   
379      I1         4.00308642     2.145061728    4.083333333    0.4435390947   0.6572839506   9.97962963     4.509259259    0.9938271605   0.1477237401   
380      I1         3.527777778    2.159465021    3.904320988    0.7540740741   0.07654320988  9.97962963     3.675925926    1.351851852    0.1377989263   
381      I1         3.513374486    2.145061728    3.99691358     0.713744856    0.3064197531   9.816666667    3.638888889    0.9938271605   0.1275867708   
382      I1         3.657407407    1.540123457    3.99691358     0.7177777778   0.3346502058   9.97962963     3.694444444    0.9938271605   0.1206495183   
383      I1         2.793209877    1.669753086    4.188271605    0.7903703704   0.9879835391   9.97962963     2.490740741    2.018518519    0.2054112635   
384      I1         2.937242798    4.478395062    3.601851852    0.9194238683   0.06444444444  9.327777778    2.990740741    2.672839506    0.3011667305   
385      I1         2.548353909    4.118312757    3.50308642     0.8145679012   0.01201646091  9.694444444    2.972222222    0.01851851852  0.309770057    
386      I1         2.937242798    4.132716049    3.50308642     0.9879835391   0.1975308642   9.938888889    2.490740741    0.3148148148   0.3083598167   
387      I1         2.533950617    3.340534979    3.50308642     0.7903703704   0.1249382716   9.938888889    2.157407407    0.9938271605   0.265045087    
388      I1         2.937242798    4.478395062    3.947530864    0.883127572    0.330617284    9.938888889    2.990740741    0.6481481481   0.2735598891   
389      I1         3.196502058    4.391975309    3.768518519    0.7903703704   0.01201646091  7.861111111    2.990740741    0.3271604938   0.1530556319   
390      I1         2.937242798    2.188271605    4.194444444    0.9597530864   0.9839506173   3.37962963     2.490740741    2.99382716     0.2159257185   
391      I1         2.807613169    2.404320988    4.194444444    0.9234567901   0.6653497942   1.138888889    2.490740741    2.672839506    0.2424907485   
392      I1         2.375514403    1.108024691    4.12654321     0.9355555556   0.7661728395   3.37962963     1.805555556    2.99382716     0.2685315451   
393      I1         3.614197531    1.007201646    4.052469136    0.116872428    0.669382716    9.97962963     4.527777778    0.3148148148   0.2118487792   
394      I1         2.548353909    1.540123457    4.175925926    0.7903703704   0.9194238683   1.17962963     2.472222222    2.99382716     0.2836910612   
395      I1         2.562757202    2.951646091    4.138888889    0.8871604938   0.9839506173   6.67962963     2.009259259    2.314814815    0.2423408592   
396      I1         2.908436214    1.540123457    4.145061728    0.9718518519   0.8508641975   9.97962963     2.305555556    2.99382716     0.1963387076   
397      I1         2.260288066    1.540123457    4.00308642     0.8871604938   0.9839506173   9.97962963     1.509259259    2.018518519    0.3098626186   
398      I1         2.62037037     1.62654321     4.206790123    0.9153909465   0.9355555556   6.72037037     1.805555556    2.672839506    0.3398498038   
399      I1         3.6718107      2.159465021    4.083333333    0.1733333333   0.7540740741   9.97962963     5.361111111    0.006172839506 0.2322200847   
400      I1         4.262345679    1.007201646    3.99691358     0.6451851852   0.3185185185   9.938888889    4.509259259    0.9938271605   0.1179006485   
%eval_id interface log__t_recession_soil log__t_recession_intermediate log__t_recession_deep f_exfiltration_soil f_exfiltration_intermediate PDD_melt_factor recession_b_soil log__fdd_threshold neg_kge        
401      I1         4.262345679    1.007201646    3.99691358     0.6451851852   0.3185185185   9.938888889    4.509259259    0.9938271605   0.1179006485   
402      I1         4.262345679    1.357201646    3.99691358     0.6451851852   0.3185185185   9.938888889    4.509259259    0.9938271605   0.1157260752   
403      I1         4.262345679    1.007201646    4.14691358     0.6451851852   0.3185185185   9.938888889    4.509259259    0.9938271605   0.149636791    
404      I1         4.262345679    1.007201646    3.99691358     0.7431851852   0.3185185185   9.938888889    4.509259259    0.9938271605   0.1576971363   
405      I1         4.262345679    1.007201646    3.99691358     0.6451851852   0.4165185185   9.938888889    4.509259259    0.9938271605   0.1227310692   
406      I1         4.262345679    1.007201646    3.99691358     0.6451851852   0.3185185185   9.938888889    4.959259259    0.9938271605   0.1657581902   
407      I1         4.262345679    1.007201646    3.99691358     0.6451851852   0.3185185185   9.938888889    4.509259259    1.29382716     0.119153761    
408      I1         3.912345679    1.007201646    3.99691358     0.6451851852   0.3185185185   9.938888889    4.509259259    0.9938271605   0.16167176     
409      I1         4.262345679    1.007201646    3.84691358     0.6451851852   0.3185185185   9.938888889    4.509259259    0.9938271605   0.1268402973   
410      I1         4.262345679    1.007201646    3.99691358     0.5471851852   0.3185185185   9.938888889    4.509259259    0.9938271605   0.1492901668   
411      I1         4.262345679    1.007201646    3.99691358     0.6451851852   0.2205185185   9.938888889    4.509259259    0.9938271605   0.1228962088   
412      I1         4.262345679    1.007201646    3.99691358     0.6451851852   0.3185185185   8.948888889    4.509259259    0.9938271605   0.1206517095   
413      I1         4.262345679    1.007201646    3.99691358     0.6451851852   0.3185185185   9.938888889    4.059259259    0.9938271605   0.1707059634   
414      I1         4.262345679    1.007201646    3.99691358     0.6451851852   0.3185185185   9.938888889    4.509259259    0.6938271605   0.1171464388   
415      I1         4.437345679    1.007201646    3.99691358     0.6451851852   0.3185185185   9.938888889    4.509259259    0.9938271605   0.1230718397   
416      I1         4.262345679    1.182201646    3.99691358     0.6451851852   0.3185185185   9.938888889    4.509259259    0.9938271605   0.1167858798   
417      I1         4.262345679    1.007201646    4.07191358     0.6451851852   0.3185185185   9.938888889    4.509259259    0.9938271605   0.1224319504   
418      I1         4.262345679    1.007201646    3.99691358     0.6941851852   0.3185185185   9.938888889    4.509259259    0.9938271605   0.1274311587   
419      I1         4.262345679    1.007201646    3.99691358     0.6451851852   0.3675185185   9.938888889    4.509259259    0.9938271605   0.1189603391   
420      I1         4.262345679    1.007201646    3.99691358     0.6451851852   0.3185185185   9.938888889    4.734259259    0.9938271605   0.1351435132   
421      I1         4.262345679    1.007201646    3.99691358     0.6451851852   0.3185185185   9.938888889    4.509259259    1.14382716     0.1181864396   
422      I1         4.087345679    1.007201646    3.99691358     0.6451851852   0.3185185185   9.938888889    4.509259259    0.9938271605   0.1339609172   
423      I1         4.262345679    1.007201646    3.92191358     0.6451851852   0.3185185185   9.938888889    4.509259259    0.9938271605   0.1207011388   
424      I1         4.262345679    1.007201646    3.99691358     0.5961851852   0.3185185185   9.938888889    4.509259259    0.9938271605   0.1271853862   
425      I1         4.262345679    1.007201646    3.99691358     0.6451851852   0.2695185185   9.938888889    4.509259259    0.9938271605   0.1193141986   
426      I1         4.262345679    1.007201646    3.99691358     0.6451851852   0.3185185185   9.443888889    4.509259259    0.9938271605   0.1194827307   
427      I1         4.262345679    1.007201646    3.99691358     0.6451851852   0.3185185185   9.938888889    4.284259259    0.9938271605   0.1288722195   
428      I1         4.262345679    1.007201646    3.99691358     0.6451851852   0.3185185185   9.938888889    4.509259259    0.8438271605   0.1172919552   
429      I1         4.349845679    1.007201646    3.99691358     0.6451851852   0.3185185185   9.938888889    4.509259259    0.9938271605   0.1184789676   
430      I1         4.262345679    1.094701646    3.99691358     0.6451851852   0.3185185185   9.938888889    4.509259259    0.9938271605   0.1173442863   
431      I1         4.262345679    1.007201646    4.03441358     0.6451851852   0.3185185185   9.938888889    4.509259259    0.9938271605   0.1187375224   
432      I1         4.262345679    1.007201646    3.99691358     0.6696851852   0.3185185185   9.938888889    4.509259259    0.9938271605   0.1200050555   
433      I1         4.262345679    1.007201646    3.99691358     0.6451851852   0.3430185185   9.938888889    4.509259259    0.9938271605   0.1181039268   
434      I1         4.262345679    1.007201646    3.99691358     0.6451851852   0.3185185185   9.938888889    4.621759259    0.9938271605   0.1226557269   
435      I1         4.262345679    1.007201646    3.99691358     0.6451851852   0.3185185185   9.938888889    4.509259259    1.06882716     0.118336773    
436      I1         4.174845679    1.007201646    3.99691358     0.6451851852   0.3185185185   9.938888889    4.509259259    0.9938271605   0.1219030696   
437      I1         4.262345679    1.007201646    3.95941358     0.6451851852   0.3185185185   9.938888889    4.509259259    0.9938271605   0.1187350509   
438      I1         4.262345679    1.007201646    3.99691358     0.6206851852   0.3185185185   9.938888889    4.509259259    0.9938271605   0.1205570994   
439      I1         4.262345679    1.007201646    3.99691358     0.6451851852   0.2940185185   9.938888889    4.509259259    0.9938271605   0.1183166708   
440      I1         4.262345679    1.007201646    3.99691358     0.6451851852   0.3185185185   9.691388889    4.509259259    0.9938271605   0.1187512177   
441      I1         4.262345679    1.007201646    3.99691358     0.6451851852   0.3185185185   9.938888889    4.396759259    0.9938271605   0.1194509074   
442      I1         4.262345679    1.007201646    3.99691358     0.6451851852   0.3185185185   9.938888889    4.509259259    0.9188271605   0.1176084245   
443      I1         4.306095679    1.007201646    3.99691358     0.6451851852   0.3185185185   9.938888889    4.509259259    0.9938271605   0.1177045364   
444      I1         4.262345679    1.050951646    3.99691358     0.6451851852   0.3185185185   9.938888889    4.509259259    0.9938271605   0.1176235948   
445      I1         4.262345679    1.007201646    4.01566358     0.6451851852   0.3185185185   9.938888889    4.509259259    0.9938271605   0.1180583937   
446      I1         4.262345679    1.007201646    3.99691358     0.6574351852   0.3185185185   9.938888889    4.509259259    0.9938271605   0.1183129837   
447      I1         4.262345679    1.007201646    3.99691358     0.6451851852   0.3307685185   9.938888889    4.509259259    0.9938271605   0.1179226357   
448      I1         4.262345679    1.007201646    3.99691358     0.6451851852   0.3185185185   9.938888889    4.565509259    0.9938271605   0.1195996649   
449      I1         4.262345679    1.007201646    3.99691358     0.6451851852   0.3185185185   9.938888889    4.509259259    1.03132716     0.1181873493   
450      I1         4.218595679    1.007201646    3.99691358     0.6451851852   0.3185185185   9.938888889    4.509259259    0.9938271605   0.1190213811   
451      I1         4.262345679    1.007201646    3.97816358     0.6451851852   0.3185185185   9.938888889    4.509259259    0.9938271605   0.1181512654   
452      I1         4.262345679    1.007201646    3.99691358     0.6329351852   0.3185185185   9.938888889    4.509259259    0.9938271605   0.1186817135   
453      I1         4.262345679    1.007201646    3.99691358     0.6451851852   0.3062685185   9.938888889    4.509259259    0.9938271605   0.1180335473   
454      I1         4.262345679    1.007201646    3.99691358     0.6451851852   0.3185185185   9.815138889    4.509259259    0.9938271605   0.1183173181   
455      I1         4.262345679    1.007201646    3.99691358     0.6451851852   0.3185185185   9.938888889    4.453009259    0.9938271605   0.117775523    
456      I1         4.262345679    1.007201646    3.99691358     0.6451851852   0.3185185185   9.938888889    4.509259259    0.9563271605   0.1177340278   
457      I1         4.306095679    1.050951646    3.99691358     0.6451851852   0.3185185185   9.938888889    4.509259259    0.9938271605   0.1175394718   
458      I1         4.262345679    1.050951646    4.01566358     0.6451851852   0.3185185185   9.938888889    4.509259259    0.9938271605   0.1177819601   
459      I1         4.262345679    1.050951646    3.99691358     0.6574351852   0.3185185185   9.938888889    4.509259259    0.9938271605   0.1179267348   
460      I1         4.262345679    1.050951646    3.99691358     0.6451851852   0.3307685185   9.938888889    4.509259259    0.9938271605   0.1175952371   
461      I1         4.262345679    1.050951646    3.99691358     0.6451851852   0.3185185185   9.938888889    4.565509259    0.9938271605   0.1191876656   
462      I1         4.262345679    1.050951646    3.99691358     0.6451851852   0.3185185185   9.938888889    4.509259259    1.03132716     0.1179151493   
463      I1         4.218595679    1.050951646    3.99691358     0.6451851852   0.3185185185   9.938888889    4.509259259    0.9938271605   0.1186415391   
464      I1         4.262345679    1.050951646    3.97816358     0.6451851852   0.3185185185   9.938888889    4.509259259    0.9938271605   0.1178776803   
465      I1         4.262345679    1.050951646    3.99691358     0.6329351852   0.3185185185   9.938888889    4.509259259    0.9938271605   0.1185208585   
466      I1         4.262345679    1.050951646    3.99691358     0.6451851852   0.3062685185   9.938888889    4.509259259    0.9938271605   0.1178040535   
467      I1         4.262345679    1.050951646    3.99691358     0.6451851852   0.3185185185   9.815138889    4.509259259    0.9938271605   0.1180392885   
468      I1         4.262345679    1.050951646    3.99691358     0.6451851852   0.3185185185   9.938888889    4.453009259    0.9938271605   0.1176535611   
469      I1         4.262345679    1.050951646    3.99691358     0.6451851852   0.3185185185   9.938888889    4.509259259    0.9563271605   0.1174548458   
470      I1         4.306095679    1.094701646    3.99691358     0.6451851852   0.3185185185   9.938888889    4.509259259    0.9938271605   0.1173760175   
471      I1         4.262345679    1.138451646    3.99691358     0.6451851852   0.3185185185   9.938888889    4.509259259    0.9938271605   0.117064425    
472      I1         4.262345679    1.094701646    4.01566358     0.6451851852   0.3185185185   9.938888889    4.509259259    0.9938271605   0.1175031685   
473      I1         4.262345679    1.094701646    3.99691358     0.6574351852   0.3185185185   9.938888889    4.509259259    0.9938271605   0.1175349146   
474      I1         4.262345679    1.094701646    3.99691358     0.6451851852   0.3307685185   9.938888889    4.509259259    0.9938271605   0.1172648457   
475      I1         4.262345679    1.094701646    3.99691358     0.6451851852   0.3185185185   9.938888889    4.565509259    0.9938271605   0.1187685981   
476      I1         4.262345679    1.094701646    3.99691358     0.6451851852   0.3185185185   9.938888889    4.509259259    1.03132716     0.1176407307   
477      I1         4.218595679    1.094701646    3.99691358     0.6451851852   0.3185185185   9.938888889    4.509259259    0.9938271605   0.1182558508   
478      I1         4.262345679    1.094701646    3.97816358     0.6451851852   0.3185185185   9.938888889    4.509259259    0.9938271605   0.117601881    
479      I1         4.262345679    1.094701646    3.99691358     0.6329351852   0.3185185185   9.938888889    4.509259259    0.9938271605   0.1183615395   
480      I1         4.262345679    1.094701646    3.99691358     0.6451851852   0.3062685185   9.938888889    4.509259259    0.9938271605   0.1175730004   
481      I1         4.262345679    1.094701646    3.99691358     0.6451851852   0.3185185185   9.815138889    4.509259259    0.9938271605   0.1177588658   
482      I1         4.262345679    1.094701646    3.99691358     0.6451851852   0.3185185185   9.938888889    4.453009259    0.9938271605   0.1175346986   
483      I1         4.262345679    1.094701646    3.99691358     0.6451851852   0.3185185185   9.938888889    4.509259259    0.9563271605   0.1171734422   
484      I1         4.306095679    1.138451646    3.99691358     0.6451851852   0.3185185185   9.938888889    4.509259259    0.9938271605   0.1172159464   
485      I1         4.262345679    1.182201646    3.99691358     0.6451851852   0.3185185185   9.938888889    4.509259259    0.9938271605   0.1167858798   
486      I1         4.262345679    1.138451646    4.01566358     0.6451851852   0.3185185185   9.938888889    4.509259259    0.9938271605   0.1172237199   
487      I1         4.262345679    1.138451646    3.99691358     0.6574351852   0.3185185185   9.938888889    4.509259259    0.9938271605   0.1171389875   
488      I1         4.262345679    1.138451646    3.99691358     0.6451851852   0.3307685185   9.938888889    4.509259259    0.9938271605   0.1169332254   
489      I1         4.262345679    1.138451646    3.99691358     0.6451851852   0.3185185185   9.938888889    4.565509259    0.9938271605   0.1183440004   
490      I1         4.262345679    1.138451646    3.99691358     0.6451851852   0.3185185185   9.938888889    4.509259259    1.03132716     0.1173657971   
491      I1         4.218595679    1.138451646    3.99691358     0.6451851852   0.3185185185   9.938888889    4.509259259    0.9938271605   0.1178658786   
492      I1         4.262345679    1.138451646    3.97816358     0.6451851852   0.3185185185   9.938888889    4.509259259    0.9938271605   0.1173255783   
493      I1         4.262345679    1.138451646    3.99691358     0.6329351852   0.3185185185   9.938888889    4.509259259    0.9938271605   0.1182056673   
494      I1         4.262345679    1.138451646    3.99691358     0.6451851852   0.3062685185   9.938888889    4.509259259    0.9938271605   0.1173420184   
495      I1         4.262345679    1.138451646    3.99691358     0.6451851852   0.3185185185   9.815138889    4.509259259    0.9938271605   0.1174777347   
496      I1         4.262345679    1.138451646    3.99691358     0.6451851852   0.3185185185   9.938888889    4.453009259    0.9938271605   0.1174206754   
497      I1         4.262345679    1.138451646    3.99691358     0.6451851852   0.3185185185   9.938888889    4.509259259    0.9563271605   0.1168915188   
498      I1         4.306095679    1.182201646    3.99691358     0.6451851852   0.3185185185   9.938888889    4.509259259    0.9938271605   0.1170611522   
499      I1         4.262345679    1.225951646    3.99691358     0.6451851852   0.3185185185   9.938888889    4.509259259    0.9938271605   0.1165106519   
500      I1         4.262345679    1.182201646    4.01566358     0.6451851852   0.3185185185   9.938888889    4.509259259    0.9938271605   0.1169454822   
501      I1         4.262345679    1.182201646    3.99691358     0.6574351852   0.3185185185   9.938888889    4.509259259    0.9938271605   0.1167405953   
502      I1         4.262345679    1.182201646    3.99691358     0.6451851852   0.3307685185   9.938888889    4.509259259    0.9938271605   0.116602328    
503      I1         4.262345679    1.182201646    3.99691358     0.6451851852   0.3185185185   9.938888889    4.565509259    0.9938271605   0.1179156242   
504      I1         4.262345679    1.182201646    3.99691358     0.6451851852   0.3185185185   9.938888889    4.509259259    1.03132716     0.1170922186   
505      I1         4.218595679    1.182201646    3.99691358     0.6451851852   0.3185185185   9.938888889    4.509259259    0.9938271605   0.1174733871   
506      I1         4.262345679    1.182201646    3.97816358     0.6451851852   0.3185185185   9.938888889    4.509259259    0.9938271605   0.1170506497   
507      I1         4.262345679    1.182201646    3.99691358     0.6329351852   0.3185185185   9.938888889    4.509259259    0.9938271605   0.1180552982   
508      I1         4.262345679    1.182201646    3.99691358     0.6451851852   0.3062685185   9.938888889    4.509259259    0.9938271605   0.117112884    
509      I1         4.262345679    1.182201646    3.99691358     0.6451851852   0.3185185185   9.815138889    4.509259259    0.9938271605   0.1171977464   
510      I1         4.262345679    1.182201646    3.99691358     0.6451851852   0.3185185185   9.938888889    4.453009259    0.9938271605   0.1173133318   
511      I1         4.262345679    1.182201646    3.99691358     0.6451851852   0.3185185185   9.938888889    4.509259259    0.9563271605   0.1166109439   
512      I1         4.349845679    1.225951646    3.99691358     0.6451851852   0.3185185185   9.938888889    4.509259259    0.9938271605   0.1183272094   
513      I1         4.262345679    1.313451646    3.99691358     0.6451851852   0.3185185185   9.938888889    4.509259259    0.9938271605   0.1159785875   
514      I1         4.262345679    1.225951646    4.03441358     0.6451851852   0.3185185185   9.938888889    4.509259259    0.9938271605   0.1173755964   
515      I1         4.262345679    1.225951646    3.99691358     0.6696851852   0.3185185185   9.938888889    4.509259259    0.9938271605   0.1175001145   
516      I1         4.262345679    1.225951646    3.99691358     0.6451851852   0.3430185185   9.938888889    4.509259259    0.9938271605   0.1161829834   
517      I1         4.262345679    1.225951646    3.99691358     0.6451851852   0.3185185185   9.938888889    4.621759259    0.9938271605   0.1199207266   
518      I1         4.262345679    1.225951646    3.99691358     0.6451851852   0.3185185185   9.938888889    4.509259259    1.06882716     0.1169802263   
519      I1         4.174845679    1.225951646    3.99691358     0.6451851852   0.3185185185   9.938888889    4.509259259    0.9938271605   0.1194895786   
520      I1         4.262345679    1.225951646    3.95941358     0.6451851852   0.3185185185   9.938888889    4.509259259    0.9938271605   0.1173962761   
521      I1         4.262345679    1.225951646    3.99691358     0.6206851852   0.3185185185   9.938888889    4.509259259    0.9938271605   0.1204385019   
522      I1         4.262345679    1.225951646    3.99691358     0.6451851852   0.2940185185   9.938888889    4.509259259    0.9938271605   0.1173998883   
523      I1         4.262345679    1.225951646    3.99691358     0.6451851852   0.3185185185   9.691388889    4.509259259    0.9938271605   0.1173478064   
524      I1         4.262345679    1.225951646    3.99691358     0.6451851852   0.3185185185   9.938888889    4.396759259    0.9938271605   0.1198008901   
525      I1         4.262345679    1.225951646    3.99691358     0.6451851852   0.3185185185   9.938888889    4.509259259    0.9188271605   0.1161975029   
526      I1         4.306095679    1.225951646    3.99691358     0.6451851852   0.3185185185   9.938888889    4.509259259    0.9938271605   0.1169136114   
527      I1         4.262345679    1.269701646    3.99691358     0.6451851852   0.3185185185   9.938888889    4.509259259    0.9938271605   0.1162408371   
528      I1         4.262345679    1.225951646    4.01566358     0.6451851852   0.3185185185   9.938888889    4.509259259    0.9938271605   0.1166704552   
529      I1         4.262345679    1.225951646    3.99691358     0.6574351852   0.3185185185   9.938888889    4.509259259    0.9938271605   0.1163415288   
530      I1         4.262345679    1.225951646    3.99691358     0.6451851852   0.3307685185   9.938888889    4.509259259    0.9938271605   0.1162742579   
531      I1         4.262345679    1.225951646    3.99691358     0.6451851852   0.3185185185   9.938888889    4.565509259    0.9938271605   0.117485406    
532      I1         4.262345679    1.225951646    3.99691358     0.6451851852   0.3185185185   9.938888889    4.509259259    1.03132716     0.1168219976   
533      I1         4.218595679    1.225951646    3.99691358     0.6451851852   0.3185185185   9.938888889    4.509259259    0.9938271605   0.1170803132   
534      I1         4.262345679    1.225951646    3.97816358     0.6451851852   0.3185185185   9.938888889    4.509259259    0.9938271605   0.116779105    
535      I1         4.262345679    1.225951646    3.99691358     0.6329351852   0.3185185185   9.938888889    4.509259259    0.9938271605   0.117912592    
536      I1         4.262345679    1.225951646    3.99691358     0.6451851852   0.3062685185   9.938888889    4.509259259    0.9938271605   0.1168874869   
537      I1         4.262345679    1.225951646    3.99691358     0.6451851852   0.3185185185   9.815138889    4.509259259    0.9938271605   0.1169208852   
538      I1         4.262345679    1.225951646    3.99691358     0.6451851852   0.3185185185   9.938888889    4.453009259    0.9938271605   0.1172145707   
539      I1         4.262345679    1.225951646    3.99691358     0.6451851852   0.3185185185   9.938888889    4.509259259    0.9563271605   0.1163337179   
540      I1         4.306095679    1.269701646    3.99691358     0.6451851852   0.3185185185   9.938888889    4.509259259    0.9938271605   0.1167753433   
541      I1         4.262345679    1.269701646    4.01566358     0.6451851852   0.3185185185   9.938888889    4.509259259    0.9938271605   0.1164007334   
542      I1         4.262345679    1.269701646    3.99691358     0.6574351852   0.3185185185   9.938888889    4.509259259    0.9938271605   0.115943697    
543      I1         4.262345679    1.269701646    3.99691358     0.6451851852   0.3307685185   9.938888889    4.509259259    0.9938271605   0.1159512331   
544      I1         4.262345679    1.269701646    3.99691358     0.6451851852   0.3185185185   9.938888889    4.565509259    0.9938271605   0.1170554339   
545      I1         4.262345679    1.269701646    3.99691358     0.6451851852   0.3185185185   9.938888889    4.509259259    1.03132716     0.116557231    
546      I1         4.218595679    1.269701646    3.99691358     0.6451851852   0.3185185185   9.938888889    4.509259259    0.9938271605   0.1166887322   
547      I1         4.262345679    1.269701646    3.97816358     0.6451851852   0.3185185185   9.938888889    4.509259259    0.9938271605   0.1165130487   
548      I1         4.262345679    1.269701646    3.99691358     0.6329351852   0.3185185185   9.938888889    4.509259259    0.9938271605   0.1177797681   
549      I1         4.262345679    1.269701646    3.99691358     0.6451851852   0.3062685185   9.938888889    4.509259259    0.9938271605   0.1166677939   
550      I1         4.262345679    1.269701646    3.99691358     0.6451851852   0.3185185185   9.815138889    4.509259259    0.9938271605   0.1166492307   
551      I1         4.262345679    1.269701646    3.99691358     0.6451851852   0.3185185185   9.938888889    4.453009259    0.9938271605   0.1171263176   
552      I1         4.262345679    1.269701646    3.99691358     0.6451851852   0.3185185185   9.938888889    4.509259259    0.9563271605   0.1160619354   
553      I1         4.306095679    1.269701646    3.99691358     0.6574351852   0.3185185185   9.938888889    4.509259259    0.9938271605   0.1154373113   
554      I1         4.262345679    1.313451646    3.99691358     0.6574351852   0.3185185185   9.938888889    4.509259259    0.9938271605   0.1155490952   
555      I1         4.262345679    1.269701646    4.01566358     0.6574351852   0.3185185185   9.938888889    4.509259259    0.9938271605   0.1161185627   
556      I1         4.262345679    1.269701646    3.99691358     0.6696851852   0.3185185185   9.938888889    4.509259259    0.9938271605   0.11698537     
557      I1         4.262345679    1.269701646    3.99691358     0.6574351852   0.3307685185   9.938888889    4.509259259    0.9938271605   0.1160612945   
558      I1         4.262345679    1.269701646    3.99691358     0.6574351852   0.3185185185   9.938888889    4.565509259    0.9938271605   0.1180874356   
559      I1         4.262345679    1.269701646    3.99691358     0.6574351852   0.3185185185   9.938888889    4.509259259    1.03132716     0.1162025944   
560      I1         4.218595679    1.269701646    3.99691358     0.6574351852   0.3185185185   9.938888889    4.509259259    0.9938271605   0.1174381244   
561      I1         4.262345679    1.269701646    3.97816358     0.6574351852   0.3185185185   9.938888889    4.509259259    0.9938271605   0.1161194585   
562      I1         4.262345679    1.269701646    3.99691358     0.6574351852   0.3062685185   9.938888889    4.509259259    0.9938271605   0.1159640008   
563      I1         4.262345679    1.269701646    3.99691358     0.6574351852   0.3185185185   9.815138889    4.509259259    0.9938271605   0.1163713874   
564      I1         4.262345679    1.269701646    3.99691358     0.6574351852   0.3185185185   9.938888889    4.453009259    0.9938271605   0.1154667787   
565      I1         4.262345679    1.269701646    3.99691358     0.6574351852   0.3185185185   9.938888889    4.509259259    0.9563271605   0.1157984012   
566      I1         4.349845679    1.269701646    3.99691358     0.6574351852   0.3185185185   9.938888889    4.509259259    0.9938271605   0.1159692751   
567      I1         4.306095679    1.313451646    3.99691358     0.6574351852   0.3185185185   9.938888889    4.509259259    0.9938271605   0.1151696743   
568      I1         4.306095679    1.269701646    4.01566358     0.6574351852   0.3185185185   9.938888889    4.509259259    0.9938271605   0.1156329308   
569      I1         4.306095679    1.269701646    3.99691358     0.6696851852   0.3185185185   9.938888889    4.509259259    0.9938271605   0.1153810918   
570      I1         4.306095679    1.269701646    3.99691358     0.6574351852   0.3307685185   9.938888889    4.509259259    0.9938271605   0.1152375362   
571      I1         4.306095679    1.269701646    3.99691358     0.6574351852   0.3185185185   9.938888889    4.565509259    0.9938271605   0.116333935    
572      I1         4.306095679    1.269701646    3.99691358     0.6574351852   0.3185185185   9.938888889    4.509259259    1.03132716     0.1157316829   
573      I1         4.306095679    1.225951646    3.99691358     0.6574351852   0.3185185185   9.938888889    4.509259259    0.9938271605   0.1157118901   
574      I1         4.306095679    1.269701646    3.97816358     0.6574351852   0.3185185185   9.938888889    4.509259259    0.9938271605   0.1156513305   
575      I1         4.306095679    1.269701646    3.99691358     0.6574351852   0.3062685185   9.938888889    4.509259259    0.9938271605   0.1157665626   
576      I1         4.306095679    1.269701646    3.99691358     0.6574351852   0.3185185185   9.815138889    4.509259259    0.9938271605   0.1158377151   
577      I1         4.306095679    1.269701646    3.99691358     0.6574351852   0.3185185185   9.938888889    4.453009259    0.9938271605   0.1163645906   
578      I1         4.306095679    1.269701646    3.99691358     0.6574351852   0.3185185185   9.938888889    4.509259259    0.9563271605   0.1152724956   
579      I1         4.349845679    1.313451646    3.99691358     0.6574351852   0.3185185185   9.938888889    4.509259259    0.9938271605   0.1158379468   
580      I1         4.306095679    1.357201646    3.99691358     0.6574351852   0.3185185185   9.938888889    4.509259259    0.9938271605   0.1149109469   
581      I1         4.306095679    1.313451646    4.01566358     0.6574351852   0.3185185185   9.938888889    4.509259259    0.9938271605   0.1153657916   
582      I1         4.306095679    1.313451646    3.99691358     0.6696851852   0.3185185185   9.938888889    4.509259259    0.9938271605   0.1149826313   
583      I1         4.306095679    1.313451646    3.99691358     0.6574351852   0.3307685185   9.938888889    4.509259259    0.9938271605   0.1149184766   
584      I1         4.306095679    1.313451646    3.99691358     0.6574351852   0.3185185185   9.938888889    4.565509259    0.9938271605   0.1158981747   
585      I1         4.306095679    1.313451646    3.99691358     0.6574351852   0.3185185185   9.938888889    4.509259259    1.03132716     0.115468912    
586      I1         4.306095679    1.313451646    3.97816358     0.6574351852   0.3185185185   9.938888889    4.509259259    0.9938271605   0.1153870695   
587      I1         4.306095679    1.313451646    3.99691358     0.6451851852   0.3185185185   9.938888889    4.509259259    0.9938271605   0.1166483705   
588      I1         4.306095679    1.313451646    3.99691358     0.6574351852   0.3062685185   9.938888889    4.509259259    0.9938271605   0.1155473719   
589      I1         4.306095679    1.313451646    3.99691358     0.6574351852   0.3185185185   9.815138889    4.509259259    0.9938271605   0.1155680976   
590      I1         4.306095679    1.313451646    3.99691358     0.6574351852   0.3185185185   9.938888889    4.453009259    0.9938271605   0.1162860836   
591      I1         4.306095679    1.313451646    3.99691358     0.6574351852   0.3185185185   9.938888889    4.509259259    0.9563271605   0.1150030051   
592      I1         4.393595679    1.357201646    3.99691358     0.6574351852   0.3185185185   9.938888889    4.509259259    0.9938271605   0.1176122728   
593      I1         4.306095679    1.444701646    3.99691358     0.6574351852   0.3185185185   9.938888889    4.509259259    0.9938271605   0.1144279999   
594      I1         4.306095679    1.357201646    4.03441358     0.6574351852   0.3185185185   9.938888889    4.509259259    0.9938271605   0.1158386645   
595      I1         4.306095679    1.357201646    3.99691358     0.6819351852   0.3185185185   9.938888889    4.509259259    0.9938271605   0.1156648618   
596      I1         4.306095679    1.357201646    3.99691358     0.6574351852   0.3430185185   9.938888889    4.509259259    0.9938271605   0.1144332057   
597      I1         4.306095679    1.357201646    3.99691358     0.6574351852   0.3185185185   9.938888889    4.621759259    0.9938271605   0.1176559349   
598      I1         4.306095679    1.357201646    3.99691358     0.6574351852   0.3185185185   9.938888889    4.509259259    1.06882716     0.115355328    
599      I1         4.218595679    1.357201646    3.99691358     0.6574351852   0.3185185185   9.938888889    4.509259259    0.9938271605   0.1164184151   
600      I1         4.306095679    1.357201646    3.95941358     0.6574351852   0.3185185185   9.938888889    4.509259259    0.9938271605   0.1156911666   
601      I1         4.306095679    1.357201646    3.99691358     0.6329351852   0.3185185185   9.938888889    4.509259259    0.9938271605   0.1193432317   
602      I1         4.306095679    1.357201646    3.99691358     0.6574351852   0.2940185185   9.938888889    4.509259259    0.9938271605   0.1158822993   
603      I1         4.306095679    1.357201646    3.99691358     0.6574351852   0.3185185185   9.691388889    4.509259259    0.9938271605   0.1157184838   
604      I1         4.306095679    1.357201646    3.99691358     0.6574351852   0.3185185185   9.938888889    4.396759259    0.9938271605   0.1195787572   
605      I1         4.306095679    1.357201646    3.99691358     0.6574351852   0.3185185185   9.938888889    4.509259259    0.9188271605   0.1146131551   
